1	1.07564841498559	1.21661863592699	1.0	0.863636363636364
2	1.05096308186196	1.10393258426966	0.908333333333333	0.916666666666667
4	1.08748221906117	1.12162162162162	0.99203187250996	1.02788844621514
8	0.977814523907951	1.08116301501998	1.04460966542751	1.02973977695167
16	1.09225560727888	1.00201015658062	0.907780979827089	1.05187319884726
32	1.06821332840373	1.06645715870228	0.918518518518518	0.940740740740741
64	1.00188014101058	1.09870740305523	0.929460580912863	0.943983402489627
128	1.02639467110741	1.14637801831807	1.12830957230143	1.20570264765784
256	1.06013379401603	1.10475630375652	0.902409638554217	1.10120481927711
512	1.11359736917358	1.14069202173291	1.03627906976744	1.11441860465116
1024	1.06752451745893	1.1273658567056	1.18873576992211	1.09466746554823
2048	1.03914645379183	1.06283901340702	1.16861909833156	1.17891373801917
4096	0.915074576839283	1.15141612200436	1.14938804895608	1.05291576673866
8192	1.00133412392529	1.23234509338867	1.05259042033236	1.20312805474096
16384	1.01572897761646	1.26480589106536	1.07324290998767	1.05893958076449
32768	1.01073020679379	1.14136717013326	0.972209055756518	1.02357490333042
65536	1.02642411276455	1.09943401080525	0.94828967642527	1.09248690292758
131072	1.01870897627821	1.05930806655919	1.07075809942182	1.0820246131981
262144	0.999356106946848	1.03432896874846	1.06307816339704	0.970040088766003
524288	1.01085158814419	1.02953334567096	1.10314965881759	1.03497851360714
1048576	0.984113900264151	1.00858161355783	1.04124878783239	0.995091359158883
2048576	0.99420715569674	1.00736306861776	0.988573623700564	1.00126056825638
3048576	1.01941631233351	1.01036959882734	1.0157694829174	0.959500864966294
4048576	0.986033455243488	0.993871706040398	1.02183522517492	1.0685783394036
5048576	1.00399507963621	1.0044105935776	1.09834317267989	1.0972625209876
6048576	0.992609205859067	1.02146908367459	1.02193949371537	0.983831448099814
7048576	1.01201836934942	1.02953063192727	1.01697818740961	1.01153861541182
8048576	1.00424881697708	1.02759984180904	0.948382460648548	1.02140669077145
9048576	1.03331270099464	1.01177519974137	1.03096826810941	1.00098415418421
