1	0.941336441336442	1.08731546231546	1.02507836990596	1.22257053291536
2	0.887396957593269	0.96702642984618	1.03554502369668	1.25829383886256
4	0.896851329273726	0.964428932125353	0.979209979209979	0.981288981288981
8	0.963387573964497	0.969896449704142	1.01088929219601	1.11252268602541
16	0.778405936096108	0.723789813739841	1.21408450704225	1.13239436619718
32	0.86519974364452	1.05912198248238	1.18300653594771	1.17273576097105
64	0.857477446217904	0.808986814712006	1.06679511881824	1.12074502247913
128	0.841302760332993	0.844340587118446	1.11203170028818	1.05151296829971
256	0.96778517492516	0.977235154818819	1.0897610258403	1.12531571789392
512	0.910103807955283	1.00520287468184	1.13579194201663	1.14719675975272
1024	0.953500026575752	1.03686436495342	1.00178968490699	1.22832040783123
2048	0.953350882835237	0.991336422363306	1.00917876866435	1.03357025976682
4096	1.01787526293556	1.03333347850134	1.16620884985981	1.09837605499495
8192	1.00434026531818	1.02530735725209	1.0119574598402	1.00672346112086
16384	1.01619043730624	1.02769734822024	0.984886990375257	0.938526609230621
32768	1.01842896603009	1.02295027459227	0.958863952460062	0.967288449529255
65536	1.00631505994949	0.914526277322044	1.03340446542482	1.0368229821321
128036	1.01079775522941	1.01254594378571	0.939718139800582	0.970949963647694
190536	1.00646178278503	1.00233286298421	0.964287913926381	0.971057432057899
253036	1.00044883847342	1.00376247680804	1.06080981894225	1.12874763220887
315536	1.00213040163111	1.00034214279929	1.03161214095462	1.05332888815089
378036	0.99514703570156	0.994655387768078	1.02321151442509	0.975322517684692
440536	0.994775562696587	0.998136480019706	1.04895201658763	1.05527884259185
503036	0.996706079235652	0.995342019758524	0.999268919868824	1.06314352750205
565536	0.993743424560707	0.996648426700237	1.03939452372279	1.03884839607207
