1	1.08509354254677	1.0132770066385	1.08333333333333	1.12037037037037
2	1.05309218203034	0.948074679113186	0.810344827586207	0.870689655172414
4	0.948449104412407	1.07339449541284	1.10909090909091	0.918181818181818
8	0.991820040899796	0.920586230402181	0.955307262569832	0.692737430167598
16	1.05404607206143	0.952155936207915	0.863309352517986	1.06474820143885
32	0.88483547925608	1.00333810205055	1.06666666666667	1.45185185185185
64	0.983492211113694	1.12438967681934	0.976878612716763	1.19653179190751
128	1.01022324222825	1.13728353849364	0.995652173913043	0.904347826086957
256	0.89764950907468	1.00937221065159	0.977077363896848	1.2378223495702
512	1.07674219752031	1.09587430525866	1.07563025210084	1.49159663865546
1024	1.00404514908332	1.11665688001566	1.08543263964951	1.42168674698795
2048	0.974511930585683	1.19972110319182	1.08085381630013	1.24644243208279
4096	0.983985621390202	1.10464881457248	0.953999313422588	1.46996223824236
8192	1.01020321671505	1.00524464410587	1.27794041673842	1.30049939727915
16384	0.955910901944006	1.01693718747493	0.961458693397857	1.0309367438645
32768	0.99610521246332	1.03130109983648	1.01869727449708	1.13250324464633
65536	1.00947586865651	1.01298951962728	1.01863821346739	1.00940460312575
131072	1.0033656145678	1.00620530809099	1.01790619674249	1.00209333634234
262144	0.999607106922103	1.00454464837631	1.00836571551202	1.0228629678171
524288	0.997693951850489	0.998633235361709	1.02928686625697	1.0325723324683
1024288	0.999294602546348	1.00087663876654	1.0259424895061	1.01373033619709
1524288	1.00029381343293	1.00193850211686	1.01928761571775	1.01791886844928
2024288	1.00082543449998	0.999946158558614	1.02392367484446	1.01269163753575
2524288	1.00059658170209	1.00085306480252	1.01555830412809	1.02252605523034
3024288	0.999063063557079	0.999753508670134	1.00922208623908	1.01533304738231
3524288	0.999303311334302	0.927090231073974	1.01344202332704	1.01196733497017
4024288	1.0008272349221	1.00095691421323	1.0235247012257	1.01433245888833
4524288	1.00100634719327	1.00013838476905	1.03040160550531	1.02414032353664
