1	1.00599161174356	1.04433792690234	1.04424778761062	1.08849557522124
2	1.00276548672566	0.930309734513274	0.936507936507937	0.928571428571428
4	1.01482479784367	1.03414195867026	0.879699248120301	0.909774436090225
8	0.892307692307692	0.957119476268412	0.871212121212121	0.977272727272727
16	1.072981829014	1.08370568960381	1.24806201550388	1.16279069767442
32	1.02640797628672	1.00485044462409	0.777777777777778	0.823232323232323
64	0.780924983403408	0.899977871210445	0.805194805194805	0.74025974025974
128	0.990491651205937	0.996057513914657	1.04566210045662	1.27853881278539
256	1.06349882804176	1.07798849350096	0.883040935672515	1.3187134502924
512	0.841328963051251	1.08954112038141	1.01980198019802	1.3980198019802
1024	0.976199518926446	1.23230788707431	1.34731934731935	1.25757575757576
2048	0.944590581247348	1.16147645311837	0.869922879177378	0.97120822622108
4096	1.03283648996974	1.36983077440323	1.02615339406406	1.10373200117543
8192	0.987343007743867	1.21126439773541	0.899608865710561	1.09191655801825
16384	0.970682368751437	1.10598907219776	0.87266415540291	1.00901100524411
32768	1.02283384711163	1.07632369036741	0.975843622783703	0.9009521246173
65536	1.00826433146326	1.0568649576453	1.00370098809399	1.07213435285081
131072	0.994005875854432	1.08672664374743	1.00841382638408	1.02152881015575
262144	1.00643853762405	1.01367624761206	1.03448992072742	1.05419075422422
524288	1.0046542451259	1.00907992423873	1.03150238966696	1.03340996400375
1024288	1.00640604218333	1.0138868095921	1.019716518525	1.03192509762534
1524288	1.00022205465208	1.00493121148853	1.01099803526254	1.02137647194792
2024288	1.00135965911534	1.00273761781501	1.01892094426483	1.01580881585165
2524288	1.00486440423522	1.00606302781972	1.01188667041355	1.02425805448888
3024288	1.00327660107118	1.00631391223883	1.02300107480124	1.02435548846024
3524288	1.02059203816294	1.00500743537584	1.05429549231983	1.02704619387685
4024288	1.00007722646303	1.03815691861035	1.01009089612548	1.03711843400132
4524288	1.00246032091451	1.00675818136606	1.00325928541322	1.00506093517018
