1	1.07141320714132	1.12174661217466	0.833962264150943	0.90188679245283
2	0.994663108739159	1.09656437625083	0.98	1.116
4	1.08628066172276	1.10439247005134	1.003300330033	0.976897689768977
8	1.03570735493887	1.03638657092956	0.978593272171254	1.1039755351682
16	1.25323846013501	1.05984309432585	1.0625	1.07291666666667
32	1.09056979348097	0.994443062121589	0.853097345132743	0.807079646017699
64	1.06505159264244	1.07963212202782	1.02099236641221	1.12786259541985
128	1.13472191446931	1.04697540438733	0.911375661375661	0.902116402116402
256	1.14894383966549	1.16797635354336	0.990774907749078	0.956642066420664
512	1.04760765550239	1.03498803827751	0.936640765092648	1.02809324566647
1024	0.985709715260744	1.05561480217554	1.00131104555883	1.19337921992789
2048	1.10931155192532	1.30935822637106	1.10924855491329	1.06204238921002
4096	1.21673535472476	1.34147777450692	0.936270356773039	0.999341052433399
8192	1.02698763458555	1.22901875969721	1.10642624003424	1.06774038204291
16384	0.99229429750593	1.10855168442269	1.00212644148197	1.22537553501813
32768	0.999080485063777	1.05781155445179	0.999665917121747	1.01901702537745
65536	1.00462041083728	1.05062194522744	0.918915135162653	0.936949549457822
131072	1.00623802663036	1.12642973625225	0.905622561087202	0.947788817455679
262144	0.991551587274036	1.01401781560914	1.03370444818609	1.08372410416929
524288	1.02015183026155	1.12860735479431	1.09467544435039	1.08199889304778
1024288	0.99663619032255	1.11815847719156	1.05339597846358	1.03618939185305
1524288	1.01521500282277	1.01879400044868	1.10306949149596	1.06634357485631
2024288	0.996247098255811	1.00600150072516	0.972371479731933	1.01484616402639
2524288	1.01962659435362	1.01132542571955	1.00087504367566	0.966762771330228
3024288	1.0136185438173	1.02910406169099	0.915907348462148	0.938092088182073
3524288	1.01553800700374	1.13371379470787	0.960836980857247	1.03622299673321
4024288	1.00019317240598	1.00884179266188	1.06489219095141	1.12974149797393
4524288	0.999036674778009	1.12143656502714	0.899016139947039	0.967748759319858
