1	0.792216044479746	0.804924543288324	1.05990783410138	0.921658986175115
2	1.19045701630763	1.26192872961546	0.99601593625498	1.11553784860558
4	1.10100286532951	1.09297994269341	0.94425087108014	0.996515679442509
8	1.09106957424714	1.08224299065421	1.00857142857143	1.08
16	1.08450467132396	1.06565103947479	1.00243309002433	0.897810218978102
32	0.98666761728219	1.00049907314986	1.16631130063966	0.974413646055437
64	0.994522471910112	1.09515449438202	0.891167192429022	0.985804416403785
128	1.11154947502386	1.02774419344575	0.966666666666667	1.18888888888889
256	1.165346215781	1.21507246376812	1.08202764976959	1.20184331797235
512	1.05258517865477	1.07493647254058	1.1590084643289	1.08041112454655
1024	1.01225751438926	1.04931428977475	1.10688140556369	1.17386530014641
2048	1.01996593015682	1.04544315847487	1.01299652205748	1.00073219842577
4096	0.973585703073115	1.15940650848276	0.926419193350335	1.01105128931709
8192	0.992350696304231	1.06950488752009	1.00031684004858	1.143686962032
16384	1.02208873988998	0.950608055788056	1.0487278678768	0.969721767594108
32768	1.0073547735155	1.01922483384888	1.07180029384706	1.0929874909031
65536	0.997608886679433	1.00594685870259	0.965136544753636	1.02846869027179
131072	1.00112409542687	1.012164948939	1.0945104374757	1.15027082467454
262144	1.00614469413737	1.01386386427916	0.938100493560188	0.993414528932935
524288	0.99767778485583	0.992559131613564	0.938212837271661	0.963125858890565
1024288	0.998257612701226	1.00480462255312	1.07078340252217	0.968197644778344
1524288	1.00050586664292	0.996233210173107	1.09679978649007	1.02019908344387
2024288	1.00762229626593	0.929986490541696	1.08018083990916	1.01059386900413
2524288	0.996206541815537	0.99524879329984	1.10892959786203	1.0427969751939
3024288	1.00469575011513	1.00333302694741	1.06908327415966	0.918108745595929
3524288	1.00560599886296	0.922934753313642	1.02914333090194	0.941273276431507
4024288	0.995364562209879	0.999770296793959	0.985842266217689	0.981924078291159
4524288	0.99606220477779	0.997451453518349	1.00318540903406	1.04970250401771
