1	0.961301177790241	1.10207515423444	0.886363636363636	0.939393939393939
2	0.978855079938112	1.03816400206292	0.888888888888889	0.888888888888889
4	1.06314486174164	1.25588113908378	0.960629921259842	1.31496062992126
8	1.06967592592593	0.955787037037037	0.834355828220859	0.852760736196319
16	1.04171779141104	0.970279481935924	0.985074626865672	0.990049751243781
32	0.984882137995271	0.915382961954575	0.89811320754717	0.935849056603773
64	0.9293802370348	0.915037366951008	1.13202247191011	1.1685393258427
128	1.00342657903174	0.859610452067971	0.628787878787879	0.883116883116883
256	0.997769967525795	0.563499403954454	0.840416305290547	0.991326973113617
512	0.981673777276548	0.285628411230863	0.805337519623234	1.31658817373103
1024	0.992535639629294	0.211893931917617	0.898236484533102	1.16681121711477
2048	0.963715650255777	0.188603517670435	0.900568643379366	1.21559707554833
4096	0.913385779796445	0.278808102421738	0.728023224167649	0.932686201578518
8192	0.989577708258439	0.251947773808886	1.11667652665483	1.45704331821468
16384	1.19167450079634	0.336281227486973	1.09470248021857	1.16825746017102
32768	1.17770341249683	0.461760708670583	0.981414629669287	0.939731391684768
65536	0.993084437302776	0.502875652565911	1.02687119484687	1.02854488641162
131072	0.885965831615709	0.556379941254201	0.996456435106363	1.04900746506015
262144	1.00823851335835	0.668159946149383	1.01367311380952	1.03855867766069
512144	1.02867572584396	0.725390944089112	1.00710668802028	1.04449577993684
762144	1.00877261299964	0.727241720548637	1.01792189234789	1.0222636661557
1012144	1.01148534245037	0.73452383826572	0.995385256896339	1.02534502645376
1262144	1.00051953053917	0.732967241325923	1.01568919438869	1.04757879849838
1512144	1.01157735298756	0.743225106683685	1.01590622709004	1.03066805670327
1762144	0.996342241176431	0.742581774278635	1.00416313779076	1.02538308373616
2012144	1.01586926048677	0.764119590676828	1.02233348970647	1.01303057843093
2262144	1.00326807497117	0.764143650641258	1.01504004420461	1.02913142296109
