1	1.00587889476778	1.26455026455026	1.12037037037037	1.12037037037037
2	0.999488752556237	0.933026584867076	0.906474820143885	0.856115107913669
4	1.05294322535702	0.984326018808777	0.785234899328859	0.852348993288591
8	1.0519298245614	1.05707602339181	1.14285714285714	1.01360544217687
16	1.00674424755356	1.03425019836022	0.944186046511628	0.995348837209303
32	1.02156391402715	1.02764423076923	0.918518518518518	1.28888888888889
64	1.01805500054492	0.831401896319977	1.02732240437158	1.37704918032787
128	1.0074120891749	0.650099593963073	1.07401812688822	1.4833836858006
256	0.948189470538427	0.367176370971759	1.00522778192681	1.13368185212845
512	0.999226082122497	0.256036014431933	0.675810473815461	0.983790523690773
1024	0.922105053720653	0.210628867818379	0.726326478801726	1.18989591266819
2048	0.769803257775364	0.201479905426696	0.755362138638483	1.16661485856388
4096	0.965088404846973	0.241348320875819	0.815199615199615	1.202405002405
8192	0.982827740507326	0.235686255248303	1.21194669523873	1.31460523672403
16384	0.994663017695738	0.242173875236112	0.875140103115893	1.09472571812854
32768	0.977557276918396	0.207711468254897	1.0003451052571	0.960859312090187
65536	1.00309669515941	0.206465862421809	1.02207861346899	1.05260122445358
131072	1.00460957128555	0.201814456494876	0.981573809936783	1.0366826215158
262144	1.00797411911403	0.199006806114409	1.02593534298885	1.03825937598073
512144	1.00241955543774	0.192604445229186	1.02450369205295	1.04009686081642
762144	0.999301374968982	0.193307369887733	1.02635490723542	1.02668916394458
1012144	0.999884268315049	0.192169215848659	1.0355925604302	1.05316817716678
1262144	1.00257199699118	0.192651669052275	1.02111934478965	1.05349035960295
1512144	1.00064889271534	0.191722371871852	1.0154300776811	1.04703526899121
1762144	1.00008931528999	0.191354337937769	1.02040728213455	1.05997680863837
2012144	1.00048998959997	0.192090829690322	1.0258355635059	1.03279728210905
2262144	1.00012885398898	0.19117370798909	1.00908602271301	1.03928730332355
