1	0.983571807101219	0.998940116587175	1.06837606837607	1.0
2	0.960626185958254	0.960151802656546	1.06194690265487	0.920353982300885
4	0.81160741415983	1.03615922212094	1.11363636363636	1.03030303030303
8	0.814710540207637	0.9016364596164	1.27777777777778	1.3125
16	1.02461437479488	1.02559894978668	1.16425120772947	1.07246376811594
32	1.0463043044375	0.946776661566097	0.986013986013986	0.961538461538462
64	0.900707409568261	0.814286756126021	0.9593147751606	1.11563169164882
128	0.90784472552807	0.86158016075768	0.734299516908212	0.916264090177134
256	1.16426369108795	0.759800323006901	0.870699881376038	1.1079478054567
512	0.961518806214227	0.925362837285364	1.22635814889336	1.24547283702213
1024	0.915673472964683	0.603211813162738	1.35310537334264	1.54640614096301
2048	0.979528988443522	0.735368008168955	0.751521661296098	1.39778016469746
4096	0.917289486796213	0.703920000926988	1.50148930408882	1.62604928242621
8192	0.986580866203988	0.740497525549796	0.923076923076923	1.1380278096696
16384	0.990676274899508	0.716451456882852	0.887265025152237	0.924755096637543
32768	1.016408567309	0.602713441743235	1.12889665947474	1.4828137787367
65536	1.00897108239039	0.69555884606982	0.99426214298968	1.12994390602475
131072	1.00591942425139	0.684903903111138	1.13973056409532	1.10571412067494
262144	1.0034139935002	0.788879966507562	0.991966128919241	1.02024233669493
524288	1.00439327925426	0.678879806173597	0.998052212337927	1.00502804074233
1024288	1.00288401072815	0.561830125654682	0.988748556688698	0.989406531899364
1524288	1.00251540381945	0.893985094045808	1.00226082643479	1.00782938699162
2024288	1.00294051885002	0.894193072778634	1.00880614398613	1.01612428264948
2524288	1.00321400892218	0.567020888850635	1.00194252155407	1.00678144701581
3024288	1.00347207807706	0.675465358424233	1.01471294162826	1.01283251358856
3524288	1.00312730952879	0.672485153900264	1.01088009328294	1.00585285228617
4024288	1.00432081273425	0.56381816075917	1.02426578746618	1.01363226567067
4524288	1.00354288379432	0.782699500689793	1.01235934652165	1.01818898743429
