1	1.00868983957219	0.940508021390374	0.946902654867257	1.0
2	0.855620671283964	0.94033031433138	0.858267716535433	0.921259842519685
4	1.10612638687892	1.04245055475157	1.0327868852459	1.09016393442623
8	0.980289855072464	1.00666666666667	0.731707317073171	0.853658536585366
16	0.909484193011647	0.909650582362729	0.864864864864865	0.913513513513514
32	0.926610541727672	0.94692532942899	1.43147208121827	1.13705583756345
64	1.04536518977771	0.969000453651898	1.45357142857143	1.38928571428571
128	1.00755223409294	0.725672333035103	0.922939068100359	1.20071684587814
256	0.853380991608606	0.785747197051144	0.863970588235294	1.30759803921569
512	1.01250621627097	0.54800803050117	1.30577689243028	1.66135458167331
1024	0.793243365092723	0.46246731387695	1.05741626794258	1.20300751879699
2048	1.17438722813643	0.50714753728767	1.22446043165468	1.5400479616307
4096	1.0387240034662	0.63478254982669	1.0236008091706	1.89885367498314
8192	0.956926199766515	0.532098947213429	0.900159166546086	0.860078136304442
16384	0.938827405739522	0.614177540925174	1.31392734587623	1.0265057389658
32768	1.0276980901746	0.611234078095636	0.915886007297111	0.961591559017848
65536	1.00912868127306	0.68029621561511	0.74531199853285	1.01822474897987
131072	1.01536676996589	0.830447302966823	1.0261009762476	1.01160325500501
262144	1.00311952927446	0.951450350126435	1.00618337820387	0.997110775494123
524288	1.01174065537885	1.00158614420936	1.02348989844564	1.01299321089336
1048576	1.00878265837811	1.06308136237831	1.01659765320224	1.01421362896934
2048576	1.00847919773496	1.03933886411635	1.0283414970889	1.01344940781424
3048576	1.00592398853513	1.06154113432402	1.01160367454886	1.00794612512922
4048576	1.00103623482392	1.06499539913809	1.00500165382352	0.995259371334523
5048576	1.00530921955171	1.07889213889074	1.02069341800401	1.01892640833702
6048576	1.00725413138361	1.06786948393942	1.03133014093201	1.00839058590815
7048576	1.00356088709385	1.07387202680244	1.01060156113492	1.00948784538332
8048576	1.00526601061474	1.06676229700618	1.01082861768131	1.01113718641723
9048576	1.00247609159442	1.06792620314364	1.01105285294468	1.01838773168222
