1	1.04718693284936	1.01127819548872	0.844783715012723	0.852417302798982
2	0.998076728413807	1.02874784897257	0.882640586797066	1.17114914425428
4	1.06991525423729	1.05993712411154	0.975700934579439	1.13644859813084
8	1.03860552175948	1.02897363905787	1.21867612293144	1.06501182033097
16	1.00782891390406	0.841984209478736	1.2258064516129	1.1891495601173
32	1.03758246385627	0.678110232536378	1.0177147918512	1.06244464127547
64	1.0153507581924	0.381284857254831	1.12321562734786	0.968194340095167
128	1.03913010451153	0.284523304615346	1.04682638456752	1.01400124455507
256	1.01096855659159	0.177829180415276	0.85593220338983	0.87788906009245
512	1.03591462339037	0.139815599602459	0.968467609715179	1.08567506767835
1024	0.950439159948577	0.110402898094469	0.987219030728303	1.18658672938274
2048	0.993144949126276	0.104765215075109	1.07032985741647	0.974283890189402
4096	0.911673962511371	0.116196095276922	0.832893739947087	0.832711420109473
8192	1.11608348276168	0.147200781015041	1.08988244874431	1.00934645710717
16384	1.04911145089514	0.178827290193117	0.985652799320544	0.954516321250235
32768	1.01684499483281	0.209362827559916	0.906953492299078	0.906872236181064
64018	1.00447556515793	0.24115924314336	0.893359008467518	0.969593996239171
95268	1.0239526188977	0.259770723516934	1.12079390260165	1.05817497709317
126518	1.02040965777222	0.270119863892637	0.937196353503224	0.988606180371732
157768	0.977968449331747	0.273991894294538	1.01396986925918	1.08862681789154
189018	0.987124833228756	0.282523554179909	1.05092286574291	1.09139132668528
220268	0.994128024068774	0.285111806032707	0.901452104769509	0.901947437938146
251518	0.997572682109427	0.28764582850024	0.996553530202334	1.08299902220723
282768	1.00519336819231	0.301500684256467	0.987447499202145	1.01576821570834
