1	0.915469146238377	0.769146238377008	1.01242236024845	1.27329192546584
2	0.981375358166189	0.998820158435867	1.13227513227513	0.997354497354497
4	1.03773059131695	1.0897285849635	1.27821011673152	1.18287937743191
8	1.00642946317104	0.918976279650437	1.04175824175824	1.03296703296703
16	1.02448895241704	1.00792188334166	0.995798319327731	1.01890756302521
32	0.930077955292517	0.873878009393982	0.977806231327358	1.14169867690994
64	0.968804762339599	0.464928186597441	1.12555818229577	1.20330969267139
128	0.990076873531688	0.346391948435885	1.03160736975858	1.10133418043202
256	1.01623490552593	0.253042248359563	1.10777309115951	1.074804166308
512	0.987968640798433	0.240509019956665	1.03879708078181	1.13518161228085
1024	0.997525031111547	0.230271341063489	0.97997737781041	1.14422638064811
2048	1.03012036200569	0.21174542594271	1.06462562396007	1.07164250059425
4096	1.03491657661941	0.209386152644862	0.986249676404405	1.12019336081407
8192	1.01723840163776	0.203320366951312	1.00153750831861	1.13098397982626
16384	1.20567618025842	0.242321045545883	1.08101629610515	1.0278183609784
32768	0.944046456996061	0.215351384516492	1.02467232975136	1.1380331238591
64018	1.00949225855714	0.233788083800426	1.03743893348677	1.09443671220695
95268	1.02385415658368	0.235545054799999	1.03250637072748	1.08905713233323
126518	1.00868086582934	0.243025881158818	0.919750527784044	1.02052065151297
157768	0.989979773231586	0.249898867861924	1.04257522889337	1.02998388099787
189018	0.98691577877259	0.247230442732268	0.988260389934532	1.11775186638604
220268	1.00976249334054	0.249333978382171	1.05214938551747	1.04890099789168
251518	1.0004888560843	0.252341410355481	1.10500217079199	1.14387640611358
282768	1.01075328857456	0.250952938434315	1.0021599699733	1.14792156245452
