1	1.15168229453944	1.05956977385549	0.982608695652174	1.0695652173913
2	0.924894514767932	0.987763713080169	0.78169014084507	1.14788732394366
4	0.753596651844102	0.936698927543814	0.855555555555556	0.8
8	1.01662971175166	0.861973392461197	0.873239436619718	0.694835680751174
16	0.991924980463662	0.967960406355822	1.19540229885057	1.14942528735632
32	0.982954545454545	1.00340909090909	1.19117647058824	1.29901960784314
64	1.21988205560236	1.08626790227464	1.06451612903226	1.05483870967742
128	0.868748176247447	0.802392763349869	1.18181818181818	1.23030303030303
256	1.11413411018051	1.08094470165947	0.833876221498371	1.34201954397394
512	1.04566362242517	0.782514499033398	1.55616438356164	1.67945205479452
1024	1.08583643696146	1.0897591290742	0.838667537557152	1.20836054866101
2048	0.978255280073462	1.0867217630854	0.988148148148148	1.26592592592593
4096	0.991236725709515	1.11755897959606	0.980061037639878	1.08280773143438
8192	0.993425668384445	1.04455658875526	1.03014078921277	1.0863573269879
16384	1.00946953872206	1.03212401753536	1.01496392624922	0.977019684688697
32768	0.99538412543789	0.769040482568704	0.898271316737437	0.853756213398805
65536	0.999767204991352	1.00698998887023	1.01771090665059	1.00160477737361
131072	0.998478205473221	1.00506907613498	1.00231920234342	0.987635577867917
262144	1.00014822376329	1.00287599597569	1.00019717308817	1.01413226645879
524288	1.0001093079185	0.880547220155162	1.01455804470439	1.00705336924029
1024288	1.00091999952328	1.00169918466394	1.00612718809307	1.01854391659428
1524288	1.00034530426469	1.00089458191783	1.02239837623543	1.02132931876271
2024288	1.00078661938156	1.00187911000382	1.00487228233798	1.01296359767928
2524288	1.00156315271026	0.755676911887169	1.02024745608977	1.0161465807573
3024288	1.00057498006054	1.00100462965427	1.01257856722699	1.01726010546329
3524288	1.00055473324535	0.756070506047748	0.99890872213435	0.999558187098927
4024288	1.00030208107619	1.00116325231311	1.01248203475197	1.01330443805514
4524288	1.00025426841727	0.877855117309413	1.00417561809039	1.0144130435508
