1	0.97390625	1.00609375	0.971223021582734	0.89568345323741
2	0.957610538672232	1.00130429111778	0.866449511400652	0.882736156351792
4	1.00030927835052	1.00907216494845	0.950769230769231	0.963076923076923
8	0.929528339278636	0.853428458184701	1.13989637305699	1.17616580310881
16	1.04127198917456	0.938279957901067	1.04273504273504	0.888888888888889
32	0.9578619694784	0.936527218889986	0.925512104283054	1.09497206703911
64	0.906909135894105	0.937836333271479	0.794413407821229	0.841340782122905
128	0.946771434002915	1.01736265128953	0.921680993314231	0.991404011461318
256	0.983838591795769	1.01610993875135	0.977011494252874	1.19022988505747
512	0.935339977495579	1.07108985693618	0.923177938279711	0.953053184504268
1024	0.96866653817561	1.14389162697211	0.978411719352352	1.1659599074788
2048	0.958405833126191	1.06709752257851	0.997465531224655	1.17487834549878
4096	0.990562513517233	1.08632350917206	0.985833289117631	1.08940414920146
8192	0.988689488764892	1.04308914762947	0.944741036864611	0.982668319712573
16384	0.996105933828068	1.0175912807725	0.947462976450595	1.03877154649187
32768	0.995872860283653	1.01393619201099	1.00388055134428	1.09445456694994
65536	1.00968683904819	1.00790299743299	1.02712198314863	1.0305551455725
131072	1.00108157553745	1.00184221297424	1.00272714980109	1.05059887697224
262144	1.00150014175896	1.00385669580729	1.05659377128031	1.02398694951341
512144	1.00263548021151	1.00293119354233	1.02779506593151	1.03925490620158
762144	0.998531395503952	1.00119967068582	0.934974234689564	0.951314460466363
1012144	1.00096493064901	1.00217881617163	1.0030055149308	0.982550883523505
1262144	1.00148397348228	1.00350753332336	0.838773107127265	0.872966398863801
1512144	1.00006236487354	0.999915623994625	1.10011808366045	1.02924136813551
1762144	0.997906500694951	1.00073144707385	1.0265423040317	1.02882963549316
2012144	1.0009528517806	1.00445243718283	0.985298829368738	0.961690001829282
2262144	1.00178495648934	1.00238469955972	0.956073690054427	0.994226260743096
