1	0.950591949486977	1.00331491712707	0.889312977099237	0.942748091603053
2	1.05929224279353	0.999648464963675	1.05844155844156	0.931818181818182
4	1.16455032007556	1.10819603316193	1.1400651465798	1.06188925081433
8	1.03655688863838	1.07351638618246	0.847727272727273	0.886363636363636
16	1.00114261229736	1.06627151324716	1.03592814371257	0.966067864271457
32	0.946950487121313	0.935673295075404	0.94927536231884	1.02536231884058
64	1.18452552639169	1.09568791462359	1.14413075780089	1.02377414561664
128	1.07610174102285	1.19137649619151	1.21243523316062	1.15544041450777
256	1.03969225389054	1.06533776301218	0.986998304126625	1.08535895986433
512	1.08899207866703	1.23261403987981	1.07430240103829	0.953277092796885
1024	1.05016816143498	1.18105381165919	1.02725290697674	1.09084302325581
2048	0.951600936019634	1.18994349637578	1.19313439065109	1.16986644407346
4096	0.963264110171043	1.20439145881405	1.1259310491594	1.16992977229198
8192	0.99502869700655	1.104248010412	1.1638374286231	1.12668268609668
16384	1.00597034470854	1.06011416870539	1.07316870490146	1.0560087530989
32768	1.01104029931196	1.03705570880497	0.948274156206508	1.03187847526829
65536	1.00785825499779	1.03005253823801	0.961641456635895	1.02971329333954
131072	1.0117786551749	1.04428753710117	1.01969850088987	1.00668520132952
262144	1.0002512583353	1.0785634046537	0.985957328715882	0.990475814784287
512144	0.987049382707865	1.02084914596855	0.962756716085516	0.948797992990078
762144	0.99692234136579	1.01137752990355	1.10464063349247	1.07294693015432
1012144	0.995137495845009	1.03618346987151	1.08542427759753	1.14274617551039
1262144	0.994978378792069	1.0062647604716	1.10965784840774	1.0768730304311
1512144	1.01571264065849	1.00722789495481	1.12052994754487	1.1186120563235
1762144	1.01179863482165	1.01103669120861	1.10282067521966	0.883998552752912
2012144	1.01305700298365	1.02165408842812	1.18584689879618	1.08107929557088
2262144	1.00620275013128	1.02461413838032	0.905997035843752	0.904159255891172
