1	1.04224719101124	1.00943820224719	0.853146853146853	0.895104895104895
2	1.04964832436905	1.07943731899048	0.983870967741935	1.0
4	1.06030428769018	1.00968188105118	1.0551724137931	0.841379310344828
8	1.04887289259329	1.09471490812654	0.840764331210191	1.14012738853503
16	0.93902584256282	1.08229129450994	0.84	0.985
32	1.17010067899789	1.2899789276516	0.995884773662551	0.995884773662551
64	1.06809432146295	1.08533846647417	1.15547703180212	1.38162544169611
128	1.29550546065528	1.05285634276113	1.07523510971787	1.41065830721003
256	1.03378413934642	1.06498973846235	0.97335701598579	1.5417406749556
512	0.974048082267927	0.907830739299611	1.20457604306864	1.6043068640646
1024	1.03975834036693	1.17929012482786	0.980335032774945	1.53896576839039
2048	0.95906683480454	1.12185372005044	1.04433887569279	1.42715756136184
4096	1.02504239807942	1.15330851852668	1.02037752037752	0.953667953667954
8192	0.999062070432055	0.927380708269729	1.29916720051249	1.41857783472133
16384	1.00117637617417	1.04460638374918	1.16729572579823	1.01887177394675
32768	0.993133147807156	1.01475866699243	1.04255837114087	1.07491424145181
65536	0.998858422083387	1.00682670675256	1.00788698789021	0.972968366834884
131072	1.0004465725809	1.00831047640434	0.994988539326875	1.01779045571679
262144	0.99802402832549	1.00314574690582	1.01280650158684	1.0106367201849
524288	1.00018613506288	1.00319028328886	1.01066951126315	1.02202477346337
1024288	0.999248372631408	0.999571733387506	1.00235457957299	1.00339266377871
1524288	1.00007548630357	1.00037911489784	0.997309253928085	1.00242882191645
2024288	1.00006295242895	0.755764144228345	1.00113830830238	1.01295808778397
2524288	1.00217771073576	1.00096730816224	1.03124881076514	1.00801544292814
3024288	1.00061531529704	1.00078280601761	1.01535057389017	1.02052994646894
3524288	1.00055637492774	0.878924437304392	1.01083853238557	1.01901652186701
4024288	1.00070961127878	0.879086173659128	1.00980629889481	1.01007167361243
4524288	1.00116482873935	0.755515285553985	1.01422899952981	1.01499168693424
