1	1.08872458410351	1.15526802218115	0.884892086330935	0.884892086330935
2	1.04952380952381	1.0584126984127	0.96031746031746	0.920634920634921
4	0.914296844565641	0.897935333073627	0.955223880597015	0.902985074626866
8	1.02716417910448	1.05641791044776	0.796296296296296	0.858024691358025
16	1.0	1.04330848420305	1.03048780487805	1.07317073170732
32	0.976305143517627	0.893276825274513	0.952205882352941	0.878676470588235
64	0.998693630140566	0.916914876939959	1.35661764705882	1.49632352941176
128	0.981285157940286	0.647879705755084	1.16052060737527	1.03253796095445
256	0.920096631569351	0.916602093684002	1.0405701754386	0.991228070175439
512	0.88763550074604	0.496323727686195	0.857993197278912	1.56887755102041
1024	1.17273699187319	0.662017796998465	1.32862789384529	1.29249011857708
2048	0.769388992906305	0.453739352865167	1.23171936758893	1.82707509881423
4096	0.921417883861774	0.635589597434984	0.813432835820895	0.984841417910448
8192	0.968796951965564	0.568628321108653	0.675349342016009	1.08017908017908
16384	1.20436333557359	0.474771235072119	0.79627807103874	0.85631206942829
32768	1.05869678505572	0.49519629065448	1.01226642938859	1.39691114783272
65536	0.99834371139171	0.654562557525649	1.03194181818182	1.28730181818182
131072	1.01249498414342	0.62264966668824	0.985031154905086	1.20459353716853
262144	0.998024340356783	0.861865528656048	1.02337080454238	1.04911363974928
524288	1.00187441923623	0.942385571231925	1.00836508874534	1.01058881666089
1048576	0.999988376197397	0.965755502611287	1.02051396363405	1.00168773684043
2048576	1.0032089205557	0.992822958806027	1.01647921065988	1.01888870188578
3048576	1.00274320888078	0.989331580671072	1.00503739000643	1.00771687149531
4048576	1.00164751029041	0.990043792510544	1.00750420532991	1.00867055004551
5048576	1.0027307581249	0.99386475480167	1.01475724843844	1.01198218640244
6048576	1.00328685524441	1.00572247103968	1.00677055313057	1.00935241152483
7048576	0.999956722015718	1.00187486516416	1.00378387328346	1.00557299665517
8048576	1.00041226736328	1.00382448075276	1.00504651738939	1.00623001350169
9048576	1.00292059525925	1.00507055189635	1.00146893602049	1.00439262049315
