1	0.858194308145241	0.952894995093229	1.04545454545455	1.09090909090909
2	0.988168273444347	1.06792287467134	0.958333333333333	1.025
4	1.00145602795574	1.03523587652883	1.11904761904762	0.888888888888889
8	0.977254778076133	0.927499605117675	0.867021276595745	0.888297872340425
16	0.921122286924299	0.928092465149109	0.731617647058823	0.904411764705882
32	1.07150361895867	0.928379640438945	1.06333333333333	1.39666666666667
64	1.02200389500916	1.01854489434061	1.21969696969697	1.18434343434343
128	1.09038075063821	0.957833179439828	0.69608938547486	0.846927374301676
256	1.12073105425901	0.807856414862927	0.959201388888889	1.37239583333333
512	0.783577258476028	0.786560211218441	1.22455845248108	1.82506307821699
1024	1.03651280094442	0.553856977617725	1.1609139523578	1.17112299465241
2048	1.02016036655212	0.674070602936582	1.27218187559204	1.34891064098516
4096	1.03544540201934	0.731990350757738	1.26576840460847	1.56239015817223
8192	1.00880135941789	0.676840515300713	1.0549856870229	1.13334923664122
16384	0.999199693625044	0.713770179504301	0.801226391954869	0.743733137110621
32768	0.998272482538737	0.871996228615381	0.959777615368553	0.98282522447275
65536	0.995612156770376	0.963260958009464	0.958989510205188	1.03981785162497
131072	1.00235945745138	0.984312480585356	1.00288147879667	1.01650356409327
262144	1.01302756106509	1.00817673151372	1.02897015196464	1.02582188048677
524288	1.00299806871315	0.99434514128888	1.01992763509752	1.03858915727087
1024288	1.00338850425632	0.999785338365081	1.00918718800208	1.01463196120703
1524288	1.00405103345378	1.00567841464057	1.00656842857183	1.00787802180733
2024288	1.00081021770206	1.00786661227886	1.01183735561786	1.01012938167807
2524288	0.999072551022461	1.00199033114379	1.00326301289825	1.00699727177819
3024288	1.00135734023728	1.00538930585702	0.998666962949102	1.01655337761976
3524288	1.00049942545497	1.00169580193811	0.99258830954578	0.994824659164899
4024288	1.00134507295411	1.00022019444879	1.01046651371912	1.01011310636174
4524288	1.00292068993503	1.00505620871522	1.00862491534053	1.0127228602211
