1	1.01394849785408	0.978540772532189	0.85	0.9375
2	1.10357815442561	1.06591337099812	1.21888412017167	1.21888412017167
4	1.01756311745335	1.05488474204171	1.03891050583658	1.14396887159533
8	1.21007323654118	1.10882693048953	0.964285714285714	0.967532467532467
16	0.94112201444177	0.983521570079615	0.738562091503268	0.801742919389978
32	1.13478413478413	1.21481221481221	1.02059496567506	0.864988558352403
64	1.01006404391583	1.08391059992158	0.936507936507937	1.00793650793651
128	1.03652319803833	1.15157772472091	1.11284722222222	1.14756944444444
256	1.02260242618448	1.03519111924926	1.03258145363409	0.974937343358396
512	1.01288873700142	1.05306839818386	1.05051449953227	1.17492984097287
1024	1.03021739130435	1.0804347826087	1.00843373493976	1.11024096385542
2048	1.18789881494986	1.21133394105135	1.1323780279768	1.18594336403958
4096	0.995782850257715	1.05227926902738	0.928717250765566	1.01820347056822
8192	1.02832816897405	1.15932285300054	0.980266920877026	1.17082936129647
16384	0.987324773235952	1.05860918050811	1.09901985423473	1.08368936918824
32768	1.00509987430784	1.03760573427999	0.932226799704713	0.972090586526326
65536	0.982217927669333	1.01337481171859	0.879472521465825	0.951886942856492
131072	0.992029758565761	1.00286996140784	1.002855503604	1.03216233505015
262144	1.0096644962598	1.01215815521687	1.00529647815359	1.04900800079759
524288	1.00594607085395	1.00184031380924	0.97840161157307	1.06330335709371
1048576	1.00314272476914	1.00205524588418	0.942986317369218	1.04428488003366
2048576	0.996642032985823	0.947397862695593	0.977066982264808	1.04045072712111
3048576	1.00116945441038	1.00587480438402	1.06174216679553	1.10560396087316
4048576	0.993789505272752	0.992982284229923	0.898363657386898	0.90467236678103
5048576	1.00339576718534	0.99544831809781	1.01418152211959	1.08738792875055
6048576	1.00060796072329	0.995450538027691	0.985938841503405	1.01168313544349
7048576	1.00219020251972	1.01375725996805	1.01264674607288	1.0203493296209
8048576	1.00466350126331	0.976827976860041	0.967588500220486	1.01669871157721
9048576	0.990969549576159	0.998815602233558	0.965566952865557	1.0584924502839
