1	1.05204377931651	1.07482689300871	1.00478468899522	1.03349282296651
2	1.05717192268566	1.11353001017294	1.0	1.02608695652174
4	1.38060606060606	1.08865800865801	0.91254752851711	0.935361216730038
8	1.11816877527064	1.07160558236598	1.01045296167247	1.04529616724739
16	1.01087162034411	1.10313858952543	1.11859838274933	0.994609164420485
32	0.960976312189502	0.992872057023544	1.02415458937198	1.08454106280193
64	0.944807948624743	0.970677329455955	1.01971326164875	0.8584229390681
128	1.01345159774436	0.946604793233083	0.945544554455445	0.976897689768977
256	0.967502160760588	1.03399596658024	1.16234652114598	1.14051841746248
512	0.975177304964539	0.952615890636242	1.03007518796992	1.2218045112782
1024	1.07725597050809	0.953785328845435	0.893301435406699	0.867464114832536
2048	1.0915647385605	1.19043906242386	1.01104972375691	1.25241712707182
4096	1.01219076361037	1.19644204423619	1.10733844468784	1.15717415115005
8192	0.989935506261388	1.16444457298204	1.12803347280335	1.14495583449558
16384	1.10477545039221	1.2718515645203	0.979590835500172	1.03601040082422
32768	1.10316040548599	1.17593646663414	0.825956710687313	0.855807771823974
65536	1.0210539961415	1.09268791130022	1.08065232731359	1.09660768889005
131072	1.02328106998774	1.05648488051831	1.06841419242433	1.0364111532491
262144	1.01316741799626	1.02967877169961	1.10385255129618	0.998632300989342
524288	1.01365880453641	1.03029521506421	0.951483371505873	1.0207457708844
1048576	1.00397927344092	1.01322320583958	0.975918570640808	1.00850975429395
2048576	1.01841711859517	1.01854563045119	1.05943725376067	1.04376743231467
3048576	1.00466427712232	1.00755247091222	1.00282396960877	0.962084773137702
4048576	0.995623437493111	1.00577207130543	1.04762849879104	1.00334883093767
5048576	0.994609831922601	1.01053328334017	0.955132821692722	0.9363694265843
6048576	1.0105512618722	1.00297172152519	1.00759371354193	0.991092375630085
7048576	0.985107839780897	1.1138711362317	1.01546116536211	1.02925991253809
8048576	1.00852876841527	1.00917178856035	0.972002997575286	1.02721137563111
9048576	0.993254881757064	1.00825501401168	1.02872086295301	1.07079681889914
