1	1.0697247706422	0.968195718654434	1.19444444444444	1.05555555555556
2	1.20651013874066	1.03948772678762	0.869230769230769	0.869230769230769
4	1.10188527878059	1.05655836341757	1.15789473684211	1.00877192982456
8	1.0184630738523	0.936626746506986	1.14179104477612	0.917910447761194
16	0.954108068097706	0.962694300518135	1.15300546448087	0.956284153005465
32	1.03208353108685	1.0531561461794	1.01086956521739	1.46739130434783
64	1.08010187838268	0.884941101560013	0.784615384615385	1.04307692307692
128	1.09765147546709	0.956216169023922	0.634862385321101	0.884403669724771
256	1.16210804533259	0.923791598253975	1.09418837675351	1.2565130260521
512	1.0520525797835	1.03240545480107	1.16207455429498	1.85251215559157
1024	1.04381627973631	0.85536686729722	0.820567375886525	0.957446808510638
2048	0.969559077357602	1.04114231915895	1.09174917491749	1.39273927392739
4096	0.898904101452288	0.974191440705652	0.790349983010533	1.24226979272851
8192	1.0529190404014	1.04238749804004	0.987058340180772	1.11380443714051
16384	0.980261786652216	1.07543040560257	1.16324200913242	1.35324708269914
32768	0.960171962923917	1.04132039047632	1.24420236958841	1.08540625526419
65536	1.00191521252382	1.14752687774097	0.994570749915168	1.06196653702592
131072	1.02858170748582	1.087300401273	1.04160890914644	1.11667410661842
262144	0.998598977069721	1.24982563688422	1.02395536856	1.05322670461577
524288	1.01542978018354	1.11108412222213	1.02829940056637	1.01600166748923
1048576	1.01740633125093	1.2097495717134	1.039330950439	1.02142925682483
2048576	1.01263763953861	1.11408861974352	1.01525656678753	1.01645848027309
3048576	1.01169126358075	1.12650936949696	1.0089327799969	1.01494518848829
4048576	1.0096612142568	1.22870917696567	1.01433148088018	1.01429030832319
5048576	0.998988402714927	1.3404842343754	0.992409511613002	1.00452986715722
6048576	0.99940205369017	1.11183263633026	1.01284421529888	1.01554920607998
7048576	1.00839806359749	1.23123764766548	1.01024240428396	1.00828960367687
8048576	1.00285106858514	1.0163838391624	1.00867807166644	1.01342440652393
9048576	1.0004958543498	1.54447916129089	1.00575178103469	1.01879600620222
