1	0.939717083786725	0.869858541893362	0.932489451476793	0.987341772151899
2	0.992779078844653	0.977166276346604	1.01694915254237	1.06779661016949
4	0.907072872014697	0.883649724433558	0.937037037037037	0.962962962962963
8	0.894994969818913	0.99408953722334	0.911392405063291	0.962025316455696
16	1.03280531425652	1.16320899335718	0.960893854748603	0.946927374301676
32	1.04565612504544	1.02835332606325	0.995110024449878	0.97799511002445
64	1.05525356086149	1.07527695589348	1.02941176470588	1.20196078431373
128	1.0418944691672	0.986141131595677	1.07304347826087	1.1704347826087
256	0.998511052571298	0.926755239949605	0.966364812419146	1.07632600258732
512	1.00918912898196	0.940855424370684	0.978918423464711	1.05591200733272
1024	0.958590918780644	0.992752078448092	1.00610094287299	1.11647254575707
2048	1.06226086956522	0.985739130434783	1.07983482450103	1.07708189951824
4096	0.944999271030763	1.03488117801429	1.01904036557502	1.12319116527037
8192	1.0750108352424	1.08073803479661	1.06116148948485	1.08045533474822
16384	0.981949384684574	0.994623655913978	1.03735965931088	1.02511614401858
32768	1.01092159196086	1.03288377627925	1.00560887749921	1.04100282861495
65536	0.991164334409759	1.00624177729937	0.768338754318269	0.851663669973131
131072	1.01655778281908	1.14164404279321	0.956933435348126	0.953915837796481
262144	0.997987824742729	0.997172308209888	0.962842388863942	1.00230425637511
524288	1.01062560340705	1.04490589105739	1.00918064678047	0.949574062202133
1048576	0.983168807256826	0.99297866414499	1.02482169975563	1.05938034617662
2048576	1.01738784072887	1.03198040272621	0.880776388876313	0.967403918473423
3048576	0.999534366670804	1.00477023345994	1.05152831849014	0.998363539038006
4048576	1.02570195771701	1.03186996535495	0.95159178410107	1.03766374206587
5048576	0.999664033645495	1.07407684557359	0.949595021205242	0.944950051227046
6048576	1.01276518194314	1.02339473721	1.06869824806221	0.985997052558607
7048576	1.00903113126503	1.0173346382882	0.968799397382531	0.955856700078191
8048576	1.00955981155234	1.00630269144902	1.00944563175226	0.976234665409606
9048576	1.00747385728947	1.03247560667101	0.928978667721292	0.949746179120597
