1	1.00958133722141	1.12664028327432	1.08675799086758	1.03196347031963
2	1.14065014483425	0.968619246861925	0.938271604938272	0.987654320987654
4	1.10254709472008	1.0179092597506	0.947183098591549	1.07042253521127
8	1.09658876743309	1.07359592913683	0.976878612716763	1.01445086705202
16	0.986127393513091	0.99993487039208	1.09367681498829	1.0
32	1.06040231468724	1.02667401488013	1.09075342465753	0.933219178082192
64	1.10224948875256	1.25488962298778	1.00772797527048	1.01081916537867
128	1.0255106672719	1.03236495687699	1.121103117506	1.29136690647482
256	1.00256530847834	1.1444696224721	1.0112749349523	1.24457935819601
512	0.958111657350663	1.01656677217321	0.957915831663327	1.17234468937876
1024	0.989572393098275	1.03428357089272	0.871239808827664	1.00084340736576
2048	1.02843650549225	1.10767203914725	0.959802986971719	0.958690816650778
4096	0.982927423777701	1.06084580853527	0.884221644458889	0.952226194345142
8192	0.9908755000113	1.048865511085	1.02546831210974	1.05742661881115
16384	0.983038154455729	1.0290783019656	0.927747020737543	0.967298489255888
32768	1.03023931816899	1.02058757125924	0.995485124062617	1.18580450973078
65536	1.01276398478638	1.02196478756686	1.04237209157839	1.0111024820602
131072	1.00087515524353	1.00489901931133	1.06194900724517	1.03959128366794
262144	1.00395761748521	1.00457241261271	1.00599337424619	0.97989379488379
524288	1.00292179448898	1.00891529219778	0.959475644805171	1.05685941952116
1024288	1.00432437838747	1.00503793194696	1.04708487365982	1.01843045743353
1524288	1.00113729148126	1.00119787427161	0.998675312415258	1.03182899785139
2024288	0.996544983052638	0.996123374249815	1.07328055846356	1.06816199792724
2524288	1.00552796612043	1.00744456853551	1.03586640008092	1.07220657095119
3024288	0.995029410143581	1.00088793435454	1.01106233220919	1.11283807334477
3524288	0.99877946498563	0.992022787058461	0.924662191201262	0.944525604409621
4024288	0.992223745545727	0.993809251612401	1.01700262907712	1.00104118384293
4524288	0.996172335274345	0.899913909311454	1.09739726621309	1.02171793138395
