1	0.996354799513973	1.01883353584447	1.02564102564103	0.931623931623932
2	1.06534422403734	0.889148191365228	1.1271186440678	1.11864406779661
4	1.06253006253006	1.03318903318903	1.13513513513514	1.15315315315315
8	1.02513274336283	1.07823008849558	1.07575757575758	0.939393939393939
16	1.10341585709809	0.926355374490755	1.07246376811594	1.1304347826087
32	1.03742362525458	0.996435845213849	1.14685314685315	1.27972027972028
64	1.02991245136187	1.05301556420233	0.902912621359223	0.854368932038835
128	1.01040715720285	0.879861237903962	1.2914798206278	1.18385650224215
256	0.836737950845835	0.876157037982764	0.971509971509972	1.31054131054131
512	0.98387600124831	0.982107562675544	0.90210843373494	0.987951807228916
1024	0.872461887771651	0.866299059357768	1.07620164126612	1.33997655334115
2048	0.912812710095184	0.952195605251053	1.09785067873303	0.987556561085973
4096	1.03854178969332	0.998818944136058	1.22698359558085	1.36893203883495
8192	0.966190855323021	0.968939566272369	0.798942598187311	0.961178247734139
16384	0.988427238769484	0.97032249232394	0.808382772170429	1.00254256876493
32768	0.995410063643207	1.00404002385398	1.01940667060828	1.04197822835878
65536	0.998901673448047	1.00082894880231	0.998196780433429	1.02399921314055
131072	1.0002672039411	1.00477035817613	1.00765397073437	1.02694440440881
262144	1.00126273713424	0.999011515519546	1.03656504264288	1.02361382368244
524288	1.00035071662268	1.00184992529596	1.02175208415706	1.0179503886157
1024288	0.999631217079719	1.00159605435865	1.02045271922505	1.01800259368382
1524288	1.00068977419783	1.00027206399387	1.03660523819852	1.02465533482454
2024288	0.999375543340913	1.0009367632904	1.00515087488382	1.00364462763798
2524288	0.999410672636865	0.999389954952493	1.02169473128511	1.02249205402484
3024288	0.999887666594033	1.00042266097096	1.00331385749378	1.00176333701504
3524288	1.00035166858734	1.00154619905746	1.00943981518075	1.02206931553921
4024288	1.00079724939341	1.00128012568799	1.02978215980986	1.03329761939235
4524288	0.999659055101569	0.999724859777745	1.00172036767135	1.00730681020633
