1	1.03981559094719	1.49727577535624	0.982758620689655	1.10344827586207
2	1.06550610193826	1.08578607322326	1.29857819905213	1.12796208530806
4	1.06656101426307	1.08226480334246	1.0446735395189	1.0446735395189
8	1.06243154435926	1.02727272727273	1.05846153846154	1.02153846153846
16	1.12468326780253	1.15858453473132	0.983529411764706	0.917647058823529
32	1.14063899671544	1.02037921767692	1.03340757238307	1.12472160356347
64	0.960731169240466	0.956571068389537	1.02490421455939	1.1264367816092
128	1.02630702630703	0.975957375957376	1.09583333333333	1.06111111111111
256	0.991703157409541	1.01065913805024	1.02302025782689	1.0939226519337
512	1.06314720812183	1.00543147208122	0.998730964467005	1.12626903553299
1024	1.04856596558317	1.0706309751434	1.10352422907489	1.11527165932452
2048	1.01693153126392	1.02076835486905	1.03174603174603	1.10973936899863
4096	0.948495945204667	1.03716772175357	0.950129223700584	1.03895855269455
8192	0.984469226213811	1.02021836501489	0.868082958612462	0.988437184546205
16384	0.994638800145895	1.00784405060621	0.828028724677512	0.846314109667982
32768	1.0062540523939	0.914317889683885	1.07278007343252	0.969974541686389
65536	1.00361991793455	0.998406677048113	1.06657985696852	1.00479271343937
131072	1.00030796394769	1.00162898263377	0.944596426595661	1.00800945936909
262144	1.0001259007937	0.999429328178068	0.916428320504141	1.03189105303466
524288	0.997025413071395	0.999411555211401	1.08306700333853	1.01128824511538
1024288	1.0076328565789	1.00633134540402	0.956057441047247	0.962804798349457
1524288	0.997639306635822	0.916964400864418	1.07144019627938	1.05444739965413
2024288	1.00018914854417	1.00489937104835	1.03377904872733	0.991491151257138
2524288	1.00008196063394	0.917470263464923	1.00249021165546	0.996899974688557
3024288	0.995186568143511	0.99357649169055	1.07729892850995	0.919580420421113
3524288	1.00145368700237	1.00574094713932	1.08776770555859	1.06079560557168
4024288	0.999065588252545	0.994547919819904	0.94581263012518	0.899467038415809
4524288	0.99180089904645	0.99896888592937	0.984753855571639	0.989849371769493
