1	1.18284010094058	1.12204634090388	1.00952380952381	1.03333333333333
2	1.12513052558301	1.06543682561782	0.902439024390244	1.04065040650407
4	1.06832797427653	1.08547695605573	0.912337662337662	0.876623376623377
8	0.936741677901068	0.88509799854817	1.1078431372549	1.02614379084967
16	0.97297063155159	0.97080481677207	0.966057441253264	1.00522193211488
32	1.12847693351425	1.02925712347354	0.87991718426501	0.94824016563147
64	1.08523638585504	1.0160391048652	0.975177304964539	1.01595744680851
128	0.93476927271488	0.965850998568605	1.10662824207493	1.10806916426513
256	1.04730037034631	1.03164186862452	0.945945945945946	1.01957129543336
512	1.13860702698972	0.985504245185339	0.974570883661793	1.16147488874762
1024	1.02307239552678	1.09164214243673	0.91165725672534	1.13384257721687
2048	0.844555663035707	0.962947386129453	1.08758118480614	1.14347569376107
4096	1.10786222521151	1.06662182732132	1.07966164714631	1.08272913180889
8192	0.952622408863474	0.991154395997141	1.09114611046079	1.09348728317548
16384	1.01516684980626	1.08167543808918	1.09032767254518	1.03663183104725
32768	1.00807486168061	1.0012749781601	0.993976069316463	1.02461834685738
65536	0.988707246075476	1.01912447586374	1.01689177471159	1.09487142133705
131072	0.97947947722544	0.997989155400232	1.07229354134326	1.03947851515952
262144	1.0075877290969	1.01216469594693	1.03574086692923	1.01131982211708
524288	1.00209193376865	1.03306179050109	0.986870214159877	0.987244768883308
1024288	1.01311000935483	1.1388197508565	0.944943677784244	1.07097808451493
1524288	0.993096793775404	1.01305479334063	1.10033298019134	0.977441057786532
2024288	1.0355558133784	1.01628591421071	1.0123153031442	0.993510484400056
2524288	0.989186200325704	0.997458159120006	0.942676373844818	1.05578930606419
3024288	1.02001198153784	1.02624353965078	0.977380539620501	1.04451026957385
3524288	1.01410958044713	1.02539693965132	1.16905491807101	1.08598120274095
4024288	1.00350622992313	1.00557274744431	0.989896221921226	0.882848467558306
4524288	1.00320724508529	0.994555201140232	1.06125381964553	1.09684188760301
