1	1.1669298443492	1.04105571847507	1.00840336134454	0.915966386554622
2	1.05860299921073	1.0153906866614	1.06306306306306	1.15315315315315
4	0.975300510456117	1.00493989790878	1.1566265060241	0.975903614457831
8	1.09172831203766	1.09213180901143	1.00367647058824	1.125
16	0.984247967479675	1.00863821138211	1.02046783625731	0.900584795321638
32	0.950147368421053	1.04336842105263	0.778	0.866
64	0.959441814917578	1.06634568304227	0.829959514170041	0.862348178137652
128	0.862620750682103	1.03303591180591	0.955801104972376	1.02394106813996
256	1.03849085365854	1.00922256097561	1.13490959666203	0.952712100139082
512	1.00944091061265	1.01278875125544	0.956834532374101	1.18974820143885
1024	1.04774646212391	1.05167082887383	0.921306209850107	1.00695931477516
2048	1.06341049690681	1.14483137098384	0.997566169759659	1.05902038332826
4096	0.976046438437598	1.15781375668776	1.07969952363503	1.10864785635764
8192	0.97763820323574	1.25526663082262	0.951919658727337	1.07571987202275
16384	0.989373568954383	1.13015910291787	1.00113861386139	1.04970297029703
32768	0.998025546021841	1.06677392095684	0.929864630171532	0.961530226250803
65536	1.00783807701194	1.03787386711887	0.931396012780484	0.955535577612285
131072	1.00884750976629	1.04453473441591	1.12590816800802	1.03629614227354
262144	0.996640357082047	1.00110616814441	1.02436183188058	1.04368060020818
524288	1.01472559437238	1.03400314624084	1.00637965707671	0.925692254194135
1048576	1.00833347911528	0.995403203704028	1.06720651879903	1.03959291317284
2048576	1.00062918153279	1.01458719988033	1.01273715475471	0.996370976334188
3048576	0.994659306485782	0.997929219482003	0.956788064550223	0.933965633291983
4048576	1.01437211535518	1.00584493434709	1.01739488324397	1.0192491881628
5048576	1.00262974709912	1.01323144617079	0.909353023218353	1.02227485581729
6048576	0.998028127285972	1.02333530337345	1.03950582292287	1.02440879812671
7048576	1.00245357609648	0.990205253796033	1.02764678826733	1.03845661038709
8048576	0.995786012643798	1.00978080192091	1.03240637603511	0.981714833964903
9048576	1.01816765988772	1.01816721369677	1.11792192202276	1.01621748674706
