1	1.10527430629104	1.18004660029655	0.930434782608696	0.965217391304348
2	1.15527502254283	1.19152389540126	1.25	1.08474576271186
4	1.15220786596621	1.1218230867528	0.885245901639344	0.977049180327869
8	1.04826719715213	1.07381426028688	1.02593659942363	1.08933717579251
16	1.05294777314963	0.978612624158923	1.04736842105263	1.17631578947368
32	1.00014227786868	1.01550828768585	1.00677200902935	1.20767494356659
64	1.17830109335576	1.14664729719397	1.04810996563574	0.963917525773196
128	1.01563818052041	1.05625851664396	0.921957671957672	1.02910052910053
256	1.12521073790689	1.16405135520685	1.12323943661972	0.952464788732394
512	1.04779411764706	1.06709558823529	0.965832824893228	1.01708358755339
1024	1.00277474977703	1.12496283817263	0.865708167635363	0.920159070052004
2048	1.09610579325722	1.19644024141775	0.868671423717295	0.965851172273191
4096	1.00061702495249	1.13594293753239	0.810578984989278	0.827257564927329
8192	1.06942635291729	1.19110855480182	1.00195570331981	0.988950276243094
16384	1.02675788813691	1.09278588157191	1.17095449140633	1.03577991568479
32768	1.02651332014749	1.0286914267575	1.01385599079918	1.08501170639539
65536	1.01672707933164	1.02970289361175	1.07254590481211	1.01532357082903
131072	1.00489601622954	1.06421927976114	0.973593745536267	0.974996746434568
262144	0.994520289196912	0.998561249382101	1.03171226766639	1.01494783080015
524288	0.995204967608943	1.00477002129661	0.990505084438804	1.01584605739115
1024288	0.993958382704991	1.00560648216128	1.05050828801511	1.01084368851992
1524288	1.00089460454191	1.05823963677293	0.952196142290823	0.959468300445988
2024288	1.00607071737076	1.01318596543679	0.975339536993346	1.11535753345989
2524288	0.993832550865696	1.00123873336704	1.10066193273026	1.09293419072979
3024288	1.00140561971312	1.00424363003404	0.891363261286006	0.886020677862186
3524288	0.988941685523969	0.990240286302696	1.03700623355896	1.08636005199425
4024288	1.00580584777579	1.01490557891084	1.1301480027517	1.12755386848841
4524288	1.01756430434259	1.02083234064332	1.07230423568938	1.00679037626802
