1	0.986457204767064	1.00568797399783	1.05970149253731	1.21194029850746
2	0.972907153729072	0.991780821917808	1.13936430317848	1.17114914425428
4	0.984508876550826	0.918500239906779	0.957613814756672	0.891679748822606
8	1.06476853748464	1.04412126177796	1.03627569528416	1.06166868198307
16	0.995473431008091	0.849289306800787	1.18856718634001	1.03118040089087
32	1.05831561387639	0.786356213949226	1.0925700365408	1.00284206252538
64	1.00898178308602	0.371335504885994	1.17425262590897	1.06544573121465
128	0.9835652628022	0.280935704850551	1.08802074890582	1.11152536877938
256	1.00056863269971	0.134701008491476	1.05466459734437	1.28125538886015
512	0.986829320159655	0.126967872799843	0.988053489537169	1.06219892866777
1024	1.03956846599643	0.121035766165407	1.02186185952344	1.00753387322847
2048	0.976999644725085	0.111214046255061	0.924278289732279	1.03589116478141
4096	0.980440023610863	0.114550201557785	1.07782331671698	1.06893737274451
8192	0.926380775107189	0.137997122768836	1.00016132037317	1.04303618575019
16384	0.95511740058367	0.167721828195024	0.934222383623183	1.07022510950607
32768	1.0623146567224	0.208086030755099	0.953242544309529	1.03224574938034
64018	0.988731101158714	0.221891949155709	1.00203925924276	1.07170311374088
95268	0.968473361416101	0.230807982052213	1.00105149458416	1.01457925101822
126518	1.01136437551811	0.24166449957971	1.0223096506971	1.18414566828981
157768	0.972401766241395	0.242372169430755	1.10115839560029	1.17573020767919
189018	1.00262872131001	0.246658411070356	0.900733801947836	0.972593260738388
220268	0.999141725451533	0.254144828207142	0.933657772047067	1.09325709084325
251518	1.00210065270472	0.254486587678151	0.970438659582545	1.00682652094769
282768	1.00416400276021	0.260137024889085	0.936030111230035	1.05124573617123
