1	0.839977155910908	0.957624214734437	0.935483870967742	0.836021505376344
2	1.00731986947703	1.02822118352588	0.934782608695652	0.951690821256039
4	0.976416587527699	0.957581513137069	0.834108527131783	1.07286821705426
8	1.03364612121602	0.981232727039013	1.28245192307692	1.09495192307692
16	1.02911661981429	0.904267825198058	1.13581129378127	1.31379556826305
32	1.04294043002547	0.615932062010276	0.884555984555984	1.07413127413127
64	0.974856632823831	0.417935958942318	0.859723461195361	0.975022301516503
128	0.984517024814737	0.302975508161255	1.0056338028169	1.1924882629108
256	0.990712077962756	0.284235472108458	0.763941526800217	0.796494315105577
512	1.00114453280773	0.236495416447298	1.00883646203281	1.00443937087773
1024	1.00271425724013	0.219324450160041	1.07074861015917	1.02834894524408
2048	0.993359895023072	0.205547224935163	1.09562517795964	1.07265345861692
4096	0.951813459842276	0.206992232156503	0.966633973730264	1.06809265562799
8192	1.07242897748192	0.202586128696745	1.16694691758068	1.18506015598647
16384	0.971685894916626	0.205457726455046	0.924319242327237	0.970164904569916
32768	0.991215683288683	0.23048073349588	0.985236219772846	1.16562074193486
64018	1.00868270792393	0.228565434886726	1.00627395282504	1.03630558669382
95268	0.964138121368943	0.236278556891311	0.954901922306519	1.01256345985499
126518	1.03351816453977	0.238934327575063	0.940559154810844	1.07134661067707
157768	1.03500851953914	0.238584181479052	0.951451730963566	0.914988728553809
189018	0.982293788863808	0.229861850346933	0.955289620027629	1.00529136153496
220268	0.992566429481155	0.235330372971232	0.959245338460384	1.00558105809894
251518	0.996221602253046	0.233918994230851	0.94539574146105	1.07995630327607
282768	1.00753959296043	0.237719585719449	1.04297838562315	1.03299023960532
