1	0.990405117270789	0.986673773987207	0.966386554621849	1.02521008403361
2	0.997368421052632	0.956315789473684	1.15384615384615	1.23076923076923
4	0.896411645226811	0.925863236289777	1.0	0.805755395683453
8	0.968338907469342	0.939353400222965	1.14965986394558	0.965986394557823
16	0.962286780383795	0.946561833688699	1.18292682926829	0.969512195121951
32	1.04185976977127	0.9115712363582	1.07339449541284	1.30275229357798
64	1.01960635306634	0.810243939509081	1.01336302895323	1.30289532293987
128	0.996752738654147	0.714397496087637	1.34789644012945	1.4546925566343
256	1.01365377424278	0.480954450362315	1.15351812366738	1.30597014925373
512	0.968257014945504	0.339171123688183	1.09222222222222	1.58944444444444
1024	1.0036799094537	0.219225840881302	0.878963414634146	1.42530487804878
2048	1.25864735158194	0.230261286882332	0.855910001541069	1.05301279087687
4096	1.14316380963398	0.28667019624767	1.23904813412655	1.45538128718226
8192	0.931865037111135	0.268179576415477	1.00115822662634	1.29972331252815
16384	1.07695647405765	0.299609854442807	1.1351578652276	1.13445702070996
32768	1.07466394475337	0.379442844557279	1.02496214234478	1.01472862038734
65536	1.03388091503488	0.464702343807098	1.04572730128809	1.05393496701225
131072	0.956355503103428	0.558415893152334	1.01161151105902	0.98897631936306
262144	0.989287702495728	0.606369631387842	1.00797690596754	1.0024381240831
512144	1.01948962063042	0.694570648012087	1.0308924611806	1.0295567940365
762144	0.989271176599522	0.682317191980644	1.02956251610872	1.02243557702705
1012144	1.01681750485424	0.682002348029987	1.01881769443039	1.02008374801027
1262144	0.996510137022009	0.674049783196047	1.02415466941947	1.02443967049236
1512144	1.01085488280424	0.677824979292644	1.01650789190332	1.02718832337745
1762144	1.00290574886487	0.680517995384455	1.02070366896444	1.0183826551247
2012144	0.999032848088364	0.682833327177138	1.01711975368769	1.02245425430251
2262144	0.999025909701279	0.681287869220678	1.02088961633623	1.01908278318395
