1	0.906113537117904	1.00655021834061	1.04385964912281	1.00877192982456
2	1.02345881069285	1.17730496453901	1.00909090909091	1.19090909090909
4	1.01369356032568	1.03886010362694	1.08130081300813	1.15447154471545
8	0.92763862128024	0.931706272746735	0.987577639751553	0.850931677018634
16	0.938674964345909	1.04032153507066	1.01169590643275	1.32748538011696
32	0.920293266967108	1.02360933611354	1.05179282868526	1.16334661354582
64	1.04164615908833	0.988906977624655	1.30376344086022	1.14784946236559
128	0.975525471357776	0.798545578825451	1.17931034482759	1.77241379310345
256	0.986092813629835	0.54842256450894	1.05229357798165	1.21651376146789
512	1.10407605012507	0.286044333822098	0.950279329608939	1.58379888268156
1024	1.1223216317955	0.231735971286002	0.902038332826285	1.24125342257378
2048	1.09222412681265	0.223333131238529	0.897133220910624	1.21787521079258
4096	0.881536541291753	0.253293756507304	0.974446513552659	1.11473205048624
8192	1.06903340601702	0.25459968871075	0.884676053046679	0.945726470760063
16384	1.03714404399502	0.245435889169265	1.19608409565078	0.979136575188573
32768	1.05586542484424	0.208134665616319	1.11379438287438	0.973172659665425
65536	0.989666141545119	0.193075348676261	1.04893279686495	1.01459084314283
131072	1.00925704978131	0.190052665116497	1.02257707637301	0.999890100228592
262144	1.00222329405556	0.180461295861835	1.04286837866723	0.999356494513269
512144	1.0011881664609	0.178777639796248	1.01646020652845	1.01099006200148
762144	1.00244430294679	0.179203883170766	1.03261920736953	1.01941359058053
1012144	1.00016883065696	0.178520209477178	1.02340740859946	1.02223816969101
1262144	0.999528955060015	0.177126270088971	1.00644148963433	1.01682794269048
1512144	1.00108796053584	0.177937302050931	1.02438058921584	1.03088904229484
1762144	1.00093209561483	0.177756334896881	1.03191385462532	1.01442189747245
2012144	1.00070058124714	0.177613725434058	1.0349322831699	1.0355657145428
2262144	0.998736110546781	0.177441972448594	1.01474322324801	1.01811112379624
