1	0.762686933071831	0.86332434420201	0.854838709677419	0.851612903225806
2	0.950012528188424	1.00488599348534	0.865319865319865	0.885521885521886
4	0.972736954206603	1.10947816826411	0.924242424242424	0.939393939393939
8	1.14060816969094	0.933797332007623	1.05691056910569	1.00271002710027
16	1.01078297255975	1.07773396636356	1.09930715935335	0.990762124711316
32	1.01305876443998	0.94496663557437	1.01002004008016	1.00200400801603
64	1.00798044431663	1.00172550147387	1.02578796561605	1.05300859598854
128	1.17518201146833	1.04368275239997	1.1384778012685	1.11733615221987
256	1.01758241758242	0.994120879120879	1.05705329153605	1.01818181818182
512	0.97051266848492	0.971303213565754	1.04588492352513	1.12672978878369
1024	1.01220446584939	1.01989382661997	0.937828700225395	1.02817430503381
2048	0.965168482220001	0.977722059396547	1.03041528563073	1.02095925131605
4096	1.01086322615082	1.02665889074501	0.999841972187105	1.08470290771176
8192	1.00273541287475	1.0046026067491	1.00759528007595	1.04584294045843
16384	0.998408089625915	0.994767104872878	1.02885580461693	1.05026764804282
32768	0.994598142304885	0.990586642023206	1.02674425933318	1.02514058418594
65536	0.994199916951606	0.998846005449263	0.985781479107026	1.08291809751112
131072	0.994259421005329	0.996383920471567	1.09255321817423	1.01943844811127
262144	0.999591139886033	0.99995441342764	1.06297819648456	0.972604359848131
512144	0.999858552424053	1.00161482952385	1.07073758346359	0.969980822312629
762144	1.00494786004273	1.00011061455563	0.974866306815393	0.931730827526409
1012144	1.00049005181934	1.0003092305598	0.97635786333703	0.982733669243438
1262144	0.997481751454019	1.00184163688742	0.891548167350748	1.03644468356415
1512144	1.00150422480552	1.00154969807139	1.00734565683029	1.00851120164057
1762144	0.999823291580411	0.999660928006364	1.09073453321743	1.05754379828413
2012144	1.00225700581563	0.998882586634763	1.07126160601882	1.01312573428897
2262144	0.998067699260441	0.998984345118554	1.04747168569433	1.05809412176795
