1	0.873604060913706	0.898984771573604	0.933884297520661	0.950413223140496
2	0.941198786039454	1.03034901365706	1.00854700854701	1.08547008547009
4	1.06171854216547	1.03325352487364	0.964539007092199	0.921985815602837
8	1.00642186728141	1.02239420385312	1.27777777777778	1.27083333333333
16	1.10125538348758	0.878860075139742	1.05714285714286	0.875
32	0.976798957706955	1.04259370615354	1.04779411764706	1.40441176470588
64	0.914112334180073	0.886367485182049	0.905781584582441	1.19057815845824
128	0.928370938140991	0.66855590341502	1.30936227951153	1.05970149253731
256	0.749938731496912	0.737795314184884	0.588725176169122	1.06982703395259
512	0.957370352571104	0.573244790073835	0.938996138996139	1.73204633204633
1024	0.847740839179121	0.724805019389133	0.880156317846288	1.39426834563613
2048	0.980293684661685	0.623381100572089	1.17747035573123	2.09090909090909
4096	1.00388212589074	0.614630344418052	0.622001776724904	1.11015694403317
8192	0.858716334684257	0.620798482366129	1.31562167906482	1.45735919234857
16384	1.00015362919427	0.928109415500004	0.938497996953112	0.858940359984201
32768	0.950376480062108	0.882202607272105	1.30672550750221	1.41835834068844
65536	1.00566621050278	0.961094109789771	1.08323274994971	1.15612217528331
131072	0.999350608683204	1.00669074360152	1.03881580148908	1.0141115162879
262144	0.995566500373475	0.992196547060768	1.01516484893729	0.993752605351563
524288	0.999759420989466	1.01228723363448	1.00688218252249	1.02019968787734
1024288	1.00270160113241	1.00250454244748	1.01262366689876	1.03048032044315
1524288	1.0011546372996	1.0336423038769	1.01640681414731	1.01383571278132
2024288	1.00007411754701	0.998276922306126	0.997453811953404	1.00074577903722
2524288	1.0039961629501	1.00190906485119	1.01012111460505	1.01598405226481
3024288	1.00163865042539	1.00257584824293	1.00307910730415	1.00239918494218
3524288	0.998808922048689	1.01350260677688	0.993135318046296	0.992908989953044
4024288	1.0021733008772	1.01708561791814	1.01142657624387	1.01258398800331
4524288	1.00144805340197	1.0151843880444	1.01146541290679	1.01193770229623
