1	0.992341356673961	0.992341356673961	1.08108108108108	1.0
2	1.00413467217956	1.02185469580626	1.25688073394495	1.11009174311927
4	1.06147540983607	0.992714025500911	1.02142857142857	0.964285714285714
8	0.797734180712904	0.924288477479967	0.912408759124088	1.0
16	1.12988799371193	1.08803301237964	1.13953488372093	0.901162790697674
32	1.10230438085591	1.2790579893644	0.917874396135266	0.903381642512077
64	0.93847022297488	0.761642675698561	0.619791666666667	0.809895833333333
128	0.896365524402908	1.05441329179647	0.731651376146789	0.93348623853211
256	1.19541538766214	1.17293791464501	1.08183632734531	1.19760479041916
512	1.00375982253638	1.02981539271346	1.72388059701493	1.73320895522388
1024	0.891773320020574	0.886417960122235	0.941580756013746	1.01718213058419
2048	0.92520475131529	0.947361284373814	0.991056910569105	1.30731707317073
4096	0.996071058912993	1.03250881899411	0.685831622176591	1.11557641537108
8192	1.04951354314164	1.05697407085979	0.983050847457627	1.21654772524532
16384	0.976520680199399	1.06101994866089	0.975363160952934	0.932364904125508
32768	0.98041435253202	0.836556663985241	1.41882036394534	1.1799192806061
65536	1.00364695009726	0.926403866343075	0.926601411082294	1.03951588164756
131072	1.00290716499057	1.01459507049531	0.872668574938896	0.978865231541387
262144	1.00155372423639	0.90589460606216	1.04477080915247	1.02715061446127
524288	0.998507446342532	0.900262812089356	1.00822847603899	1.0288167267726
1048576	1.00036352840558	0.794163100567846	1.00818053059125	1.00457677821743
2048576	0.999989292896235	0.898069793450493	0.994913512898017	1.00101768560308
3048576	1.00256425273031	1.00494413707587	1.01088901086837	1.03722340542321
4048576	1.0023948027107	1.00401786168674	1.00759284890122	1.01460150527163
5048576	1.00270848669187	1.00542077979036	1.0050502822748	1.01742913369298
6048576	1.00324342138382	1.00524411347264	1.0062853592957	1.01500718058036
7048576	1.00192405269989	1.00271248705364	1.01170139614623	1.02596713472886
8048576	1.00289114517189	1.00559742362082	1.01668344510509	1.0174277358535
9048576	1.00076537243383	0.992319259779205	1.010195149305	1.01519691326161
