1	0.823092170465808	0.953419226957384	1.09565217391304	1.02608695652174
2	1.00608407079646	0.988938053097345	1.21153846153846	0.923076923076923
4	1.08920748705695	0.909597769812824	1.10924369747899	1.02521008403361
8	1.13285509325681	1.07575322812052	0.910958904109589	0.958904109589041
16	0.983253588516746	1.10953520164046	1.37037037037037	1.09259259259259
32	0.991544885177453	1.00334029227557	1.24757281553398	1.0873786407767
64	1.03281556115309	0.958088441085922	1.15916955017301	1.03806228373702
128	0.831121399176955	0.934979423868313	1.18768328445748	1.15542521994135
256	0.871101962158374	1.00367904695165	1.15116279069767	1.2
512	0.865885623510723	0.796028594122319	0.989296636085627	1.25840978593272
1024	0.984826115485564	0.950049212598425	0.870246085011186	1.34228187919463
2048	0.963106268879612	1.04249397549469	1.21947194719472	1.72937293729373
4096	1.04830947491034	1.10866566532814	1.49295089936801	1.74477394263491
8192	1.05187150014736	1.06269592476489	0.801417043888998	1.0830545168274
16384	0.952573487142145	1.07026788793929	0.889441144381137	1.29579342950661
32768	0.942139496083109	1.19288572583063	0.957444456725986	1.20702995468111
65536	0.988461207267717	1.15252499158467	1.19120210547903	1.3020131934238
131072	1.006363172496	1.00140212763221	0.973607079847476	1.07261965739002
262144	0.997983301560404	1.00506601708678	1.03286346654946	1.00870875584717
524288	1.00144013817917	1.10884272626029	1.01613028284811	1.00662536729614
1048576	1.00419407133342	1.12078123424348	1.01558046937779	1.02670513121959
2048576	1.00562775154986	1.06569083103569	1.00924206217568	1.00829984592149
3048576	1.00342776364989	1.00887729825333	1.01117538629188	1.00848183390053
4048576	1.00755775686788	1.10994880627064	1.00760611214506	1.01007679594697
5048576	1.007492727761	1.01024011565307	1.00824105577812	1.00973713674894
6048576	1.00522242187145	1.007144350998	1.00814305531648	1.02127243536735
7048576	1.00434107172132	1.00972696535138	1.01566485406862	1.01707054366021
8048576	1.00476778493153	1.05656680343923	1.00705585378636	1.0158005898666
9048576	1.00639202996753	1.11322872778261	1.0127898716882	1.01496387649105
