1	1.11327649208283	1.0231425091352	1.03846153846154	1.05769230769231
2	0.981675392670157	1.0544502617801	0.95575221238938	0.964601769911504
4	0.874535699546017	0.874948411060669	1.04807692307692	1.06730769230769
8	0.909476233726915	0.920980926430518	0.795918367346939	0.850340136054422
16	1.05876460767947	1.32787979966611	1.2890625	1.2109375
32	1.08895949166005	1.02250463330686	1.13970588235294	1.26470588235294
64	0.903996216599669	1.07826909434855	1.23684210526316	1.38157894736842
128	0.909596375617792	0.846787479406919	0.836734693877551	1.07755102040816
256	1.1392378559464	1.03098827470687	1.11799410029499	1.31858407079646
512	0.963920120825642	1.12602785702299	0.91358024691358	1.39153439153439
1024	1.0464207564864	1.29899968740231	1.09354838709677	1.17849462365591
2048	1.0600585316198	1.33312126224711	1.12855377008653	1.29419035846724
4096	0.998632712356862	1.60647752520937	0.955555555555555	0.970167427701674
8192	1.02687694358063	1.2975344291426	0.867694566813509	1.02716593245228
16384	0.993060655015421	1.2471361433397	0.995375450697602	0.979777394575952
32768	1.05005899576105	1.11047502512782	1.11452753812814	1.0590832890379
65536	1.00059393939394	1.14020606060606	0.977047823928512	0.928462684097303
131072	1.01757557696765	1.05218370252641	1.02318401394625	0.988864178824833
262144	1.00391001343188	1.04802776390833	1.02798148498612	1.0222803116326
524288	1.04150653764974	1.00782325045914	1.06496014792963	1.01940597007324
1024288	1.0016781457827	1.00499621079269	1.01413684856139	1.02408309892773
1524288	1.00110327392826	1.02074852197445	1.01467797896563	1.02291418193646
2024288	0.999243917481778	0.997648446961688	1.02548020061497	1.02449502861114
2524288	0.999454597822871	1.0134888803577	1.01387491370664	1.01283125252367
3024288	1.01301525879124	1.01169790086898	1.02211665099421	1.02004281901433
3524288	1.00423961196178	1.00072727498765	1.0049403240869	1.01564196504623
4024288	0.994549056631366	1.14461854426202	1.01365530106107	1.01412061796556
4524288	1.00939010556218	1.01471378652645	1.01314354708942	1.00229805529034
