1	1.19861591695502	1.20553633217993	0.857142857142857	0.880952380952381
2	0.995535714285714	1.01211734693878	1.24242424242424	1.24242424242424
4	0.981688253684681	1.10763733809736	1.05042016806723	1.14285714285714
8	0.98268724124953	1.13473842679714	1.02919708029197	0.992700729927007
16	1.13751406074241	1.09476940382452	1.10948905109489	1.25547445255474
32	0.898121944944687	0.971700540262413	0.838150289017341	1.02312138728324
64	0.960872354073124	0.961513790891597	1.05670103092784	0.891752577319588
128	1.03350618268847	1.06980454726765	1.03070175438597	1.19736842105263
256	0.7953706333428	1.0	0.872282608695652	1.20380434782609
512	0.991219512195122	0.996585365853659	1.12673267326733	1.34653465346535
1024	1.13209353206618	1.34554902228907	0.893137254901961	1.21862745098039
2048	1.03706358144773	1.15115525067404	1.08306503541533	1.46361880231809
4096	1.01691493425001	1.13284589221731	1.23471074380165	1.54115702479339
8192	0.998584067520545	1.0963296809062	1.15095702419646	1.36565547128927
16384	1.02804477373074	1.03473353228585	0.956244087038789	1.15436770734784
32768	1.00292584379245	1.02058307887007	1.07522509439442	1.26123397369404
65536	1.00095628478718	1.00978567151153	1.01377541015753	1.00022877312243
131072	1.00161942987388	1.00990603083662	1.00829803064122	1.03780804445862
262144	0.999411676753756	1.00362006433437	1.03313282713736	1.06160445411999
524288	1.00468238771323	1.00576835467613	1.00462913420984	1.03618436832336
1024288	1.00338190925196	1.00468154685389	1.02392624883871	1.01380880916649
1524288	1.00074588504064	1.00164573318935	0.997291741687672	0.998909069539471
2024288	1.00086213904315	1.00032159892109	1.01284588018904	1.01743311109104
2524288	1.00119673372237	1.00138710907549	1.00776263745126	1.01514260967604
3024288	1.00085435380209	1.00156813935346	1.02292906577274	1.01241583130265
3524288	1.00127445961836	0.999921126022922	1.00061873417553	1.02230513192563
4024288	1.00076644150337	0.999751734484485	1.01652987909818	1.01688309525128
4524288	0.99981909577175	0.999599946283737	1.03006221857186	1.02041243880042
