1	0.93110151187905	1.02267818574514	0.884444444444444	0.942222222222222
2	1.0258637328701	1.00193012931866	0.977272727272727	1.08181818181818
4	1.00846192135391	1.07234113157458	1.0968992248062	1.08139534883721
8	0.983135050333377	1.04209700614459	1.06428571428571	0.996428571428571
16	1.03873276497211	1.0088411746132	0.893150684931507	0.931506849315069
32	0.994439216357259	0.950038497732911	0.975786924939468	0.98547215496368
64	0.913127103702516	0.851097932360955	0.806262230919765	0.806262230919765
128	0.813987022350397	0.846955495837976	0.98202614379085	0.836601307189543
256	1.05954465849387	1.04655575014594	0.959654178674352	0.979827089337176
512	0.947883464743052	0.914108371078678	1.00720720720721	0.936936936936937
1024	1.00117330725984	1.08716695184551	0.961031518624642	1.08194842406877
2048	0.970298000261404	1.10194745784865	0.951293759512938	0.959512937595129
4096	0.959363957597173	1.02834978270582	1.0560393790231	1.20257478227944
8192	0.990695477624277	1.04819931514937	0.996617177222327	1.15730125916181
16384	0.989298086041066	1.02451312419768	1.04186884097844	1.06848081636737
32768	0.99121734107974	1.01457207895899	1.02756456799087	1.05110984337724
65536	0.990708575587723	1.0105695176504	1.0054358452935	1.02657958885717
131072	1.01944852350169	1.02875419269888	0.933612792313308	0.999799825730636
262144	0.991732677555226	1.00572421780334	1.18483057642622	1.07740029103436
524288	1.0097816915786	1.01311557897894	0.966184519877021	0.934294428184242
1048576	1.00347690855126	0.999021412946977	1.00059136878166	1.04528976082491
2048576	0.999858676113261	0.999687442409222	0.901176922975798	1.05544585694191
3048576	1.00389400776411	1.01560616766287	0.988797749325883	0.945883897075963
4048576	0.999440488574199	0.993543331011225	1.02961737607723	1.03997102209343
5048576	1.00353901127965	0.998840053455459	0.941674970106271	0.939542339730147
6048576	1.00174858973818	0.999576120135832	0.953342431707324	0.94456276386045
7048576	1.0035286863366	1.00015159607656	1.01689450529215	1.04135994135948
8048576	0.993419409362573	0.999555078522458	1.05091693611797	0.998296701529762
9048576	0.997396119603807	0.999464342742668	1.02289941891468	1.09464285503815
