1	0.942019400352734	0.988095238095238	1.0045045045045	0.990990990990991
2	1.00736377025037	1.04649694929518	0.871900826446281	0.950413223140496
4	1.18461538461538	0.965620094191523	1.0	0.9812734082397
8	1.06641914191419	1.06078107810781	1.11724137931034	0.958620689655172
16	0.960103730301217	0.935567524436465	0.996825396825397	1.0
32	1.01697530864198	1.07815904139434	1.10840108401084	1.00271002710027
64	0.964648798521257	0.925292667898953	1.09954751131222	0.952488687782805
128	0.874011377827113	0.864159844595532	1.14750957854406	1.07854406130268
256	1.00134198165958	0.976217102810706	1.16047548291233	1.33878157503715
512	1.09001862454301	1.04835483203421	1.04728370221328	1.24446680080483
1024	1.01351186109073	1.16587185130839	1.03212121212121	1.10909090909091
2048	0.951265405964813	1.07902907140841	1.04078810922917	1.19357068786727
4096	1.06323451360983	1.22272348168929	1.0706599713056	1.06904591104735
8192	0.968009999768524	1.17564408231291	0.955861201006832	1.07542250988853
16384	1.0257935926371	1.13603189025999	0.945545198352482	0.921526121829612
32768	0.958489051841478	1.03814349444134	0.937380861608845	1.02582920320244
65536	1.00075582817797	1.04460260039845	1.01412910119919	1.10577696864157
131072	0.995023007066295	1.01805481214269	0.925576182539226	0.947175125007184
262144	1.01688072887144	1.00773988100999	0.969852982776597	0.984764845183347
524288	0.989560498609261	1.00661684580068	0.958458694126507	0.959254160481488
1048576	1.00151979595691	0.998992683288694	0.965654987739988	0.905220897172494
2048576	0.997140787366589	1.01142442503238	1.01998544847007	1.00786759455126
3048576	1.00427088006367	1.01344485250323	1.00761057791018	0.987845640098418
4048576	1.00411855677627	1.04037490982291	0.969816578521114	1.04219931988582
5048576	0.997108752092039	1.00686166164918	1.06063043137683	1.08033392078295
6048576	1.00263533041964	1.00155876474304	0.913723039258138	0.963476653836975
7048576	0.996552406842227	1.00770212675791	0.991412130166837	1.0287238368977
8048576	1.0164967424696	1.01762896098113	0.936903515070844	0.964635532514843
9048576	0.987607910062447	0.995417455968452	1.02050308083391	0.947671873000573
