1	1.03505325199049	1.0469444731672	1.15428571428571	0.934285714285714
2	0.864355179704017	0.996109936575053	1.14393939393939	1.13383838383838
4	0.967228625494581	1.05100636504387	1.11324376199616	0.942418426103647
8	1.0390287623238	1.03495477878269	1.07826086956522	1.12173913043478
16	1.1271397447868	1.11850295673825	0.985449735449735	1.08862433862434
32	1.20935571818051	1.30822212656048	0.885232744783306	1.02247191011236
64	0.923499109335131	0.983342159741948	0.977443609022556	1.155002891845
128	1.07891296597076	1.09606623618429	0.931116389548694	1.00101798439091
256	1.01775577062545	1.13124265386251	1.06870092790864	1.01088508208423
512	0.986594176979755	0.965190643107518	0.983102605863192	1.05221905537459
1024	1.00025935501649	1.04809414587099	1.00494278192661	1.0372857680116
2048	1.01893285932034	1.03819327676041	1.06964549079587	1.02425301797127
4096	1.00028630094703	1.01802130257984	0.933747439370911	0.952078239608802
8192	1.00173344131323	1.01584551898596	0.93374347084357	1.0098340787385
16384	0.995753170984705	1.00150852393132	0.987422888190493	0.950050386194482
32768	1.00837303844055	0.906624800029591	1.04356030449054	1.10062155178434
65536	1.00727638221764	1.00256013090287	1.0128375041159	0.982496432883328
128036	0.996498797629397	1.00051952374509	1.12079012835585	1.02573380725297
190536	1.00158061554498	0.894342469452961	0.9233733251797	0.936648402709585
253036	1.00372378215311	1.00337145717295	0.96769432955948	1.01323791264893
315536	0.998524584857799	0.999984056045995	1.0393061052757	1.03015143109271
378036	0.996977506412322	0.999172977346981	1.01491567540578	1.03118423480583
440536	1.00115289884788	1.00034799779139	1.03891852540209	0.98311861543643
503036	1.00141994971877	1.00727055783289	1.00057699143127	1.01116831119941
565536	0.999729229569881	1.00040222524184	0.924174146175712	0.970939485623979
