1	0.927060133630289	1.04008908685969	0.875	0.90625
2	1.01188546731496	0.928687196110211	1.03921568627451	1.08823529411765
4	0.844074844074844	0.918572418572419	0.876811594202898	0.905797101449275
8	0.8958287835772	0.916575671544005	1.38356164383562	1.01369863013699
16	1.01669154566427	0.94001899850726	0.909090909090909	0.91866028708134
32	1.02756646832869	0.939820742637644	1.1063122923588	0.946843853820598
64	1.01499605367009	0.906037884767167	0.884691848906561	1.16898608349901
128	1.0017034087983	0.721492661477212	1.19004524886878	1.46606334841629
256	0.997626813972511	0.440483524029771	1.46389713155292	1.69040553907023
512	0.978338710434008	0.278526865523837	0.827809215844786	1.42926434923201
1024	1.02513004785298	0.215185075887768	0.836240562353554	1.06508721687061
2048	1.03322281349005	0.186005924869365	0.921563483735572	1.02846274921301
4096	1.04400097399067	0.195562905139928	0.936161226090629	0.961563989621674
8192	1.02726108775527	0.208270746770926	1.21084901976099	1.08509724283371
16384	1.01386272711736	0.249319589750752	1.03756128128571	0.891112831287552
32768	1.03293829348544	0.303605105179559	0.992694773654556	0.968554497765689
65536	1.11604367463988	0.439657740558075	0.965524442335074	0.932842904603702
131072	1.03959414940076	0.558300948035115	1.0378749395704	1.0159951312764
262144	1.02828520024047	0.649497979111822	1.0109078435585	1.01180397216423
512144	0.995203111814443	0.779243660315133	1.00340686634366	1.00769466059805
762144	0.973339787615829	0.812557539136512	1.00493715800432	1.00783879570482
1012144	0.966479386722541	0.849659495126802	1.0010456726004	1.0102643792372
1262144	1.02076444230411	0.880272274886645	0.996157403302245	1.00168773068831
1512144	1.02890041593246	0.899535124331847	0.999316954106475	1.00514906716993
1762144	0.991456105958094	0.898228439717445	1.00495672680449	0.998729432522005
2012144	1.00445434854787	0.903496489821181	1.01040280237092	1.00404439211159
2262144	1.01578277586337	0.913577304829	1.01298672898831	1.01049771340267
