1	0.918032786885246	1.02677595628415	0.964285714285714	1.07142857142857
2	1.04812586765386	1.03054141601111	1.10344827586207	1.12931034482759
4	0.9456419868791	0.958138081849422	1.0	1.1864406779661
8	1.02681587837838	1.00802364864865	0.72316384180791	0.757062146892655
16	1.10426829268293	1.01682926829268	1.1413612565445	1.32984293193717
32	0.999166666666667	1.02397435897436	1.08560311284047	1.33463035019455
64	0.928852607124419	0.825567888487351	1.03811659192825	1.02914798206278
128	1.08481542098563	0.745480996544826	1.19639934533552	1.70703764320786
256	0.994371927136068	0.490764305065266	1.18387096774194	1.35645161290323
512	1.04596100961279	0.196589198966662	1.1360433604336	1.49051490514905
1024	1.03610872935204	0.225751957616676	0.873404025102792	1.06989829041333
2048	1.04251228370006	0.199676283846333	1.24045240893067	1.33563454759107
4096	1.00178374003167	0.238343006476996	0.91646937412736	1.0273174285194
8192	0.863400201750621	0.246874038338138	0.970050366764696	1.23456038941284
16384	1.01370248469449	0.337289744595463	1.11731164144586	1.00669896524912
32768	0.885916268735442	0.352568231785019	1.04328198839188	1.01900855279155
65536	0.961627123601022	0.46901017866189	0.983081755649852	1.0170485003031
131072	1.09968028337065	0.647415505367434	1.03345966970288	1.04888099113989
262144	0.980527238361037	0.752954599395497	1.00300602881097	1.00949675344102
512144	0.998009522264085	0.866617087780139	1.0016769073454	0.997672987270694
762144	0.979286139976888	0.933602777245793	0.996028128795964	1.00814694489566
1012144	1.01323430195886	0.966122058992239	1.00971655466593	1.01544807220119
1262144	0.999752839324269	0.979341898504005	1.00512543916446	1.00574210249636
1512144	0.992725131665451	0.996939148527298	1.00674692651125	1.00947106995905
1762144	1.00483500624558	1.01101653045861	1.00774699719041	1.01086326982327
2012144	0.979291495526364	0.996968943795508	1.00544078832816	1.00531258908711
2262144	1.00414416486875	1.01918816709263	0.997556213728724	0.999783362098417
