1	1.14044943820225	1.08426966292135	1.0	1.05084745762712
2	0.910018552875696	0.979591836734694	1.0	1.08620689655172
4	0.844251336898396	0.935494652406417	1.17213114754098	1.12295081967213
8	0.908291708291708	0.836763236763237	1.04761904761905	0.965986394557823
16	0.935795524030818	0.887367005014064	0.824324324324324	0.972972972972973
32	0.95854108325934	0.847892903490199	0.887147335423198	0.905956112852665
64	0.971289293523065	0.838345460410767	0.868235294117647	1.34588235294118
128	1.00870753904348	0.858282461331036	0.898236092265943	1.15739484396201
256	1.02479330832679	0.441879173814855	1.33126293995859	1.78778467908903
512	0.966637958611186	0.276891655798617	1.08329455560726	1.42671009771987
1024	0.981609004745478	0.193273913347726	1.15274390243902	1.52164634146341
2048	0.998715131652453	0.185959864933646	1.2284476087293	1.39746169323634
4096	1.00233658286412	0.17338854391312	1.07952988679789	1.24003172543082
8192	0.88770433546553	0.197081913911559	1.05743086667697	1.03750193109841
16384	0.953222377334821	0.226452889390149	1.11400495913307	0.912021305905042
32768	0.940726171395056	0.264630745738888	1.00514423263579	1.01110377761385
65536	1.06862273769559	0.33561670419385	0.994461811971275	1.0426775066668
131072	0.994545153058449	0.395554367322477	0.971796735108743	1.00093805065949
262144	1.01773894465272	0.438104768815254	1.00785285139497	0.998091255059003
512144	1.00610643151327	0.437886927608788	0.999351427073984	1.01094581212862
762144	0.985013662620762	0.442456105265317	0.999058348802342	1.00781816142194
1012144	0.991667902530376	0.443146967554581	1.0014229769908	1.00625894739042
1262144	1.00311031023134	0.445774592781484	1.00166147927433	1.00955054418876
1512144	1.00162924004661	0.442806694316651	1.00479216139315	1.00707005815107
1762144	0.999458738810906	0.445959313516501	1.00200254856874	1.0105938236362
2012144	0.999739465765731	0.444151402457844	1.00671792920442	1.00911747996675
2262144	0.999050403393993	0.443736523179729	1.00447300712028	1.01196772789295
