1	0.940011855364552	0.941078838174274	1.07540983606557	1.00655737704918
2	0.962947849506243	0.953807230882233	0.905529953917051	0.928571428571429
4	1.00238650827323	0.989817564700891	1.03614457831325	1.07745266781411
8	0.969356833642548	0.991403834260977	1.26927639383155	1.15539739027284
16	1.00997786423397	0.795512476522672	0.852498494882601	0.832028898254064
32	1.0043432586799	0.727981355767618	1.03931901094447	1.21605188488042
64	1.00659068317061	0.374270917021846	0.993556701030928	1.21417525773196
128	0.995739168652125	0.319189933149823	1.00753599784686	1.00847799757771
256	1.00763626082297	0.291345531633994	0.990728706351269	1.01395026427519
512	1.00270732555679	0.240380627262828	1.09403402972216	1.15067844066336
1024	1.02071290556191	0.221342810822129	0.979636335319083	1.01576918584278
2048	0.982175693340517	0.204796769269128	1.07983381386436	0.950564997045182
4096	1.00205214144645	0.203483406857424	1.03765980046281	0.985461477182201
8192	0.965618650109108	0.225414147570512	1.21784367311366	1.07029902279628
16384	1.03428663827335	0.212819655718243	0.870687807424913	0.956987167156715
32768	1.04450184131181	0.222797446239211	0.896200759632337	0.96577819167233
64018	1.05959660797082	0.242304575454123	1.00295542308035	1.06678921612243
95268	1.02722368779983	0.221515928975007	0.887304253601371	0.924822291119409
126518	1.00198863336076	0.233298322949813	0.955496177932458	1.05575054210147
157768	1.00393713718196	0.24017755681983	0.997566674335697	1.08842088607307
189018	0.993787239720219	0.237619017101725	1.09611301892588	1.20945750504458
220268	1.03151131488164	0.239007738755148	1.01175062536694	1.07285723343815
251518	0.991295230729568	0.231355100489369	1.07229556445762	1.03439853868572
282768	1.00034593937636	0.237020332442938	0.990182906708151	1.09257068080195
