1	0.902076083043322	0.892475699027961	0.925333333333333	0.946666666666667
2	0.902150232073506	0.878469262100976	1.10178117048346	1.02035623409669
4	0.969147861232738	1.01663859885483	1.38740458015267	1.04580152671756
8	1.00199195089231	1.12646855563234	1.33811230585424	1.02628434886499
16	0.991421647472603	0.808767076283	0.994100294985251	1.24262536873156
32	0.959686800894855	0.672438478747204	1.00671422576584	1.19848929920269
64	0.986294443105182	0.388259435432187	1.15332286760858	1.07509157509158
128	1.00883566837807	0.303781653634341	0.95970695970696	1.14209401709402
256	1.01055012624151	0.183994010497559	0.92841232045472	0.909132805899071
512	1.00394027444479	0.128874715630739	1.00909378459592	1.06768938794876
1024	0.959048902420836	0.110003161222797	1.07906696083423	0.984009353019932
2048	1.02433231973968	0.108888497023354	1.00396638020587	1.18464444234583
4096	0.977105871310959	0.117118882293024	1.07156204161333	1.15063111376865
8192	1.00185427649525	0.135462106828553	1.13517165290803	1.14955807912048
16384	0.966356131880619	0.161001291746582	0.995589674098532	1.13364210249552
32768	0.959645922674317	0.208243273332212	0.905461180566035	0.935074973304044
64018	0.962119715914319	0.219314053877519	0.884382623250522	1.03478443947892
95268	0.977459423356873	0.24096653357743	0.954556337746067	1.02293490117279
126518	0.996413389758591	0.240467047798759	1.00034908845671	1.16327337082301
157768	0.983888806113952	0.244828290361452	0.929065141741628	1.0898730451271
189018	1.02782276727651	0.261044818621824	1.10964729107073	1.03719411649515
220268	1.00053791668093	0.252313708861534	1.06413576651445	1.13324067857009
251518	1.01261606077593	0.258130987412539	1.04988174885704	1.07641498105205
282768	0.996597402759733	0.260429654329876	1.00275554826082	1.09092022636929
