1	0.92357910906298	0.970302099334358	1.04545454545455	1.02272727272727
2	1.02662417763158	0.988075657894737	0.983253588516746	0.983253588516746
4	0.981048805815161	0.938343717549325	0.983455882352941	0.992647058823529
8	1.11784911061133	1.10873032099775	0.952764976958525	1.00921658986175
16	1.01300918956569	1.05064371896556	1.08653175157013	1.13538032100488
32	1.02341406477969	0.744522906332069	0.852786144578313	0.857680722891566
64	1.01420644129547	0.427606067346828	1.05271523178808	1.07523178807947
128	0.982309941073867	0.262186162592139	1.07778681855167	1.10154597233523
256	1.00198547493517	0.135726747616633	1.31296063275211	1.24770807118461
512	1.00434340695444	0.127864344637947	0.908154961967097	0.978666194940739
1024	0.995071240569781	0.10546001156223	0.763071271124174	0.841631153563556
2048	1.00593252038603	0.106356948704521	1.07643405377002	1.02856478330907
4096	0.89593497568007	0.113031602300397	1.07087574641508	0.980407638373418
8192	0.967033334381885	0.133781666469611	1.08160226178725	1.13214881975164
16384	1.01204591555709	0.176684976324974	0.998430122631072	0.980015853265785
32768	1.0258535287781	0.225101720715779	0.854981733811148	0.900112079043802
64018	1.00110509145107	0.247613566667284	1.08911364286556	0.932991602578126
95268	0.967141848755779	0.267070964792409	0.999478150742243	0.934333166259065
126518	1.00905186124002	0.288439308972127	0.975101971165513	1.04318155207446
157768	0.986242973912483	0.285089168456179	0.943887216316656	0.943446296498908
189018	0.997839325158903	0.290394336692653	1.02007565599315	1.03627907896076
220268	0.970230810398953	0.289063934693601	1.03408575362984	0.987983065792485
251518	0.992354742782693	0.294933261623897	0.909395434774542	1.07340050220488
282768	0.954424173596947	0.288191282188878	1.02933571450617	1.18395737114753
