1	1.03894586524731	1.0900947682721	0.914373088685015	0.889908256880734
2	1.00367325520378	0.955133811439566	1.10669975186104	0.992555831265509
4	1.01358308686603	0.987348011830431	0.920608108108108	0.890202702702703
8	1.03303817956774	1.00710907994541	0.9796573875803	0.972162740899358
16	0.999727223131478	0.994254637206765	1.36214605067064	1.04545454545455
32	0.965820066255685	0.468537244911268	0.960408163265306	1.13224489795918
64	1.02022784031271	0.418120453147056	1.04115334207077	1.29174311926606
128	0.985397607318789	0.347201531754663	1.06473737035798	1.12813650050184
256	1.00630282380683	0.277038346214643	0.775194336479733	1.06531093836757
512	0.998664970166662	0.235330335540711	1.24473784114397	1.1004344708314
1024	1.00406582906381	0.209675089404005	1.10854969995841	1.14885231616264
2048	1.02026633586496	0.207739597967656	0.929604813346096	1.03487852682438
4096	0.980884215650919	0.20871251575575	1.05268045922501	1.15266662714644
8192	0.92827871639788	0.187582524289896	0.848450522217769	0.916052573466267
16384	1.05434149061834	0.214909997027341	0.871610290665038	0.956323161998774
32768	1.02213491258777	0.227638266832787	0.993900570772928	1.09583710400806
64018	1.00461077292475	0.228271000224966	0.938941809297442	0.973445547083498
95268	1.00913606307523	0.238978225515334	1.03824211837189	1.13590797666645
126518	0.953389710380898	0.2327224492693	0.992053712635398	1.10182689895105
157768	0.980841606103048	0.245156589110699	0.950141049716859	1.06005056236277
189018	1.00657792406814	0.248153487351928	1.12838801749755	1.13508229103253
220268	0.962476450049752	0.246097939682908	0.973214699597439	1.13277069678706
251518	1.00553305634561	0.247608822925879	0.953372609160668	1.0403700769636
282768	1.00343527609997	0.2520988448229	1.05524973030845	1.12778217196544
