1	0.959151193633952	0.994164456233422	1.08620689655172	0.896551724137931
2	0.856694560669456	0.991108786610879	0.893617021276596	0.794326241134752
4	1.16421143847487	1.08102253032929	0.909836065573771	1.00819672131148
8	1.10623427453173	0.974559686888454	1.14492753623188	0.963768115942029
16	0.882132694323798	0.78777894263891	1.08988764044944	0.820224719101124
32	1.01343033016228	0.931356090281664	0.957081545064378	0.944206008583691
64	0.883260856250383	0.800881974643229	0.892857142857143	1.06493506493507
128	1.06845738560935	1.0282325869546	0.927953890489914	1.35446685878963
256	0.786526602832264	0.885129063245638	1.05440900562852	1.31144465290807
512	1.11838648531808	0.940008646203984	1.11255411255411	1.31313131313131
1024	1.03588292943692	0.871636671418389	0.770135746606335	1.31131221719457
2048	1.1201119890958	1.07966329594224	1.07727570399476	1.61100196463654
4096	0.953647625602202	0.880178940123882	0.887444406431748	1.10742387957578
8192	1.01551595502354	0.765444977782473	1.53752843062926	1.36745008845085
16384	1.00926367612091	0.881006914984652	1.2303023615096	1.07327300816597
32768	0.985683098658684	0.738701774121281	0.730757004677353	1.02611143908088
65536	1.00540327080911	0.87262027798197	0.996596244131455	1.16223004694836
131072	1.00041952400978	0.736401273450203	1.05116928373499	0.992432194138887
262144	0.99959388776749	0.866834389737582	0.999269795690808	1.00365595535886
524288	1.003161746325	0.867894035188863	1.01524719830972	1.01636576391934
1048576	1.00534643542799	0.869171557359886	1.00920511332533	1.01179302356725
2048576	1.00160924248707	0.599571146202278	1.01146090680784	1.0160284549965
3048576	1.0017118619743	0.867944370278371	1.01021533234578	1.03704886786433
4048576	1.00180139861064	0.600128172224188	1.0048150745783	1.02223288081671
5048576	1.00129494396917	0.868288244772873	1.01302359650964	1.01699321099128
6048576	1.00161045604116	0.868268894937042	1.00870294674156	1.0274086562583
7048576	1.00104093559644	0.600009426952911	1.00894527802528	1.01772702263144
8048576	1.00109340480206	0.867729149516759	1.01085910697451	1.01193495951515
9048576	1.00071309653261	0.733850970069475	1.0087783388921	1.03190732003036
