1	1.06979472140762	1.15131964809384	1.00877192982456	1.04385964912281
2	1.00099850224663	1.07438841737394	1.05172413793103	0.931034482758621
4	1.10581583198708	1.12399030694669	0.870748299319728	0.959183673469388
8	1.01217433649866	0.895300706111517	1.1031746031746	1.07142857142857
16	0.93212251808527	0.952901339079575	1.11801242236025	0.944099378881988
32	0.943490477677178	0.93214694557186	1.01428571428571	1.21904761904762
64	1.08705978150234	1.10022392617222	0.941935483870968	0.9
128	0.87501301405518	0.894169703279542	1.00696055684455	0.960556844547564
256	0.672338927355944	0.786292688651567	0.943127962085308	1.16587677725118
512	1.09019623942852	0.897692749815256	1.00944881889764	1.32755905511811
1024	1.04194826380797	1.06960304513322	0.850427350427351	1.30235042735043
2048	1.06677518666619	0.948936621961145	1.00334168755221	1.47284878863826
4096	0.996717325227964	0.915957446808511	0.952362358453729	1.55017571261226
8192	1.02713319458897	1.21722164412071	1.11715386358486	1.24926353954226
16384	1.04609915147706	1.16426382778127	1.02227753578096	1.07069072806472
32768	1.01656756619403	1.06760430960004	1.05009205764713	0.981144054345756
65536	1.00835856409631	1.0596920448739	0.981054566092808	0.930569444069079
131072	0.989953570453161	1.02361394146936	0.918637910233296	0.991771611381475
262144	0.995683398359063	1.10530129834583	0.964079196928344	1.0133170652727
524288	1.00433459987412	1.07693652532693	1.05343546965741	1.07102470210239
1048576	1.00255919734104	1.0786144002632	1.01838581438214	1.00962191808975
2048576	1.00086638352359	1.13218209294511	1.01060573229587	1.00807905709314
3048576	1.0104996810423	1.01393272771465	1.01828788167415	1.01948839614212
4048576	1.01125566565734	1.0603068924778	1.02856364108129	1.01906693112804
5048576	1.00529863697669	1.06540251507564	1.01930959380762	1.01237253415306
6048576	1.00962124017103	1.11018823722818	1.02290807364927	1.01310784986109
7048576	1.00682907885646	1.06695380058071	1.01674042839515	1.01941758441776
8048576	1.00487413793907	1.06636198106078	1.00881545011084	1.02554507149318
9048576	1.00769078883947	1.01418052393116	1.01952114888892	1.03705020568407
