1	0.946504559270517	0.921580547112462	1.02564102564103	0.94017094017094
2	1.04368358913813	1.08697363242818	0.940425531914894	0.965957446808511
4	1.06786524133463	1.00826044703596	1.03921568627451	1.10980392156863
8	1.00450958286359	1.01628460478517	0.905228758169935	0.888888888888889
16	1.00072899580827	0.91662110442865	1.23076923076923	0.994301994301994
32	0.96074541203146	0.959682562176717	0.762993762993763	0.956340956340956
64	0.930579272297386	1.00157625114935	1.11764705882353	1.12605042016807
128	1.11447234906139	1.12119482496195	0.863052781740371	0.825962910128388
256	0.961553773531252	1.02286299266337	0.895113230035757	0.98450536352801
512	0.918195519983369	0.986591133516969	0.947368421052632	1.09634255129349
1024	0.958234179981545	0.997863144092079	0.943655303030303	0.848484848484848
2048	1.02640333515813	1.01764433402114	0.852269356274103	0.947493325422723
4096	0.955609547887185	1.09725186328266	1.02126479289941	1.11889792899408
8192	1.08401303117495	1.16814495993152	0.923383947939263	0.986637744034707
16384	0.983721732134134	1.11103129220425	1.01091184642587	1.0599141197272
32768	0.969888042102127	1.02366589711127	0.942748768909986	0.893039350516836
65536	1.01317559362565	1.0806088516076	1.00610084807048	1.09624613766353
131072	1.01896252427709	1.03084878350607	0.881776363373354	0.952420078113699
262144	1.01531037497078	1.03187480306157	0.90404046048955	0.964239409858053
524288	1.0118418811783	1.01743841713416	1.04433411301475	0.993126953411679
1048576	1.00778795460436	1.01627329939239	0.958335261243258	1.01058266231647
2048576	1.00651429327968	1.00088410017187	1.00872271847095	1.00740940255664
3048576	1.0110335444237	1.0133787203827	0.918360815588062	0.924790019765452
4048576	1.00780420075394	1.00936619114311	1.03886150623432	0.959579975047068
5048576	0.998275998639437	1.00099905546026	1.07729614801332	1.01491884062901
6048576	1.01649196847536	1.01099268558078	0.8904109073214	0.928582056609805
7048576	0.973307717061028	1.0189916722296	1.08910184362751	1.06828250408826
8048576	0.969130043983298	0.963725481206101	1.09229410789692	0.987694945747555
9048576	1.01129720982421	1.00971055914607	1.01576441068865	0.969923018053524
