1	0.985021679148601	0.924714229404809	1.203125	1.0
2	0.992600067272116	1.08476286579213	1.05932203389831	1.15254237288136
4	0.983969155844156	0.984375	0.82183908045977	0.902298850574713
8	1.07693250030626	0.961166237902732	0.709090909090909	0.918181818181818
16	0.985003494948211	0.980428290017157	1.05128205128205	0.907051282051282
32	0.932069715361397	0.895654149492064	1.0	1.09745762711864
64	0.964773715903857	0.885194725439689	1.28061224489796	1.28741496598639
128	0.981111928018765	0.66611525399993	1.03311258278146	1.59823399558499
256	1.00280609478365	0.49587897191194	1.13604577240941	1.6439923712651
512	0.994448458205762	0.263579391283679	1.13300793166565	0.99725442342892
1024	0.966181901244908	0.23931168386188	1.0223535047102	1.33163020916494
2048	0.977089339781445	0.212477897188216	0.89611744541322	0.88978314330427
4096	0.981950205881978	0.208810473847252	0.915752828546562	0.80727589208007
8192	1.01965082017996	0.237487933232957	0.882813440924967	0.879942992492673
16384	0.957158820441889	0.270338233303733	0.983967818356672	0.930652311589614
32768	1.01744662812451	0.330248028105907	1.01093461343681	1.04617074545104
65536	1.00997034645054	0.39193303855665	0.986440980352802	0.998074678679482
131072	1.04982811829182	0.464514087822847	1.04262031483041	1.03255437346151
262144	0.998139244952581	0.572391643126061	0.997113980899086	1.00765890662764
512144	1.01658113770011	0.69971678913861	1.00547353310605	1.01204043304025
762144	1.01027577170965	0.718531977763716	1.0014507302995	1.00501728307435
1012144	0.987621062802408	0.730464894774182	1.00410532844208	1.00777352668524
1262144	0.986711673049346	0.755327926833403	1.00215437229496	1.00457094474971
1512144	1.01811367830154	0.775852090506661	1.01171928422412	1.01331477888083
1762144	1.01221569468569	0.779027594436036	1.00467141120749	1.00739511523174
2012144	0.988015303607239	0.782011567871749	1.01229295515418	1.01147947790804
2262144	0.993156844058423	0.790423877493556	1.00059534110215	1.00611176957796
