1	1.0647512864494	1.05789022298456	0.849315068493151	0.883561643835617
2	0.996582365003417	1.0	1.06779661016949	1.11864406779661
4	1.01650680347981	1.01427615436092	0.851190476190476	0.839285714285714
8	0.990018714909545	0.990143480973175	0.944954128440367	1.04128440366972
16	0.980063847807675	0.914391817056486	0.889285714285714	0.942857142857143
32	1.0567930320554	1.0375883486828	0.997959183673469	0.86734693877551
64	1.01838139534884	0.977990697674419	1.14758269720102	1.01272264631043
128	0.991745611256683	0.561452004568708	0.855959209687699	0.794136392606756
256	1.01884768859518	0.321572585944934	0.81744966442953	1.26487695749441
512	0.968616472226223	0.378600748955783	0.911105514983631	1.06245278267439
1024	0.988522504216766	0.256677286671072	1.13717339667458	1.09694180522565
2048	1.03336366116346	0.267962381298549	1.32977973568282	1.2768281938326
4096	1.02385446540848	0.28868099145898	1.30012109469605	1.02402518769678
8192	1.00999271266595	0.372130832957586	1.06629749606023	0.870359831903344
16384	0.998377664628932	0.372496713756295	1.0766121476564	0.994900554113018
32768	1.0109913217482	0.405247650258397	1.00350922708249	0.906493435560623
65536	1.01300870667607	0.503299912062961	1.03516998827667	1.00799658412893
131072	1.03864990120808	0.591586319835549	1.03264518214928	1.01340040509314
262144	0.992730465958695	0.695113898585259	0.99801419072694	1.00878832165648
512144	1.0011527546619	0.871505139415469	1.00525561735008	1.01591813719144
762144	1.00141632462003	0.902339893182543	1.00950818216119	1.01021200680758
1012144	1.00164101209883	0.966748156944544	1.00337979785521	1.00100062172923
1262144	1.00258050927131	1.00847250089093	1.00573160958937	1.00848580228438
1512144	1.00100460719493	1.01301591354588	1.00915141377383	1.01005828163189
1762144	1.00162717804436	1.02784033908814	0.997965853555533	1.00327459072446
2012144	1.00387574942191	1.00404138154708	1.01479346870572	1.0054509601156
2262144	1.00243175416311	1.01402054729081	1.0004336824868	1.0051944067215
