1	0.958882445967317	0.87664733790195	1.03738317757009	1.1214953271028
2	1.02789802789803	0.996632996632996	1.00854700854701	1.0
4	1.00803212851406	1.11719605695509	1.07317073170732	1.07317073170732
8	1.01743027888446	0.950448207171315	1.04347826086957	1.07246376811594
16	0.986108943343218	1.01982206961136	0.987341772151899	1.06329113924051
32	1.12317349248817	0.959250874665569	0.801470588235294	0.797794117647059
64	1.01751758270383	1.04512893982808	1.42372881355932	1.27966101694915
128	1.22894546332046	0.821790540540541	0.86411889596603	1.17409766454352
256	1.25940085890856	1.06237561537656	1.3508353221957	1.71360381861575
512	0.888811902851725	0.855772737218292	0.978260869565217	1.33967391304348
1024	1.00568369028007	0.93500823723229	0.923963133640553	1.41244239631336
2048	1.10634261579211	0.986756389147398	1.30501089324619	1.35729847494553
4096	1.08552161347463	0.956617669908947	1.22711355677839	1.4352176088044
8192	0.917479272044637	0.988684361474683	0.887429643527204	1.30909943714822
16384	1.14796775277125	1.15995549210615	0.86271239445429	1.023871573022
32768	1.04220624088799	0.980728471141712	1.19438891110223	1.10655737704918
65536	1.04108037797926	1.0760090286545	0.912385557879867	1.20386318563395
131072	1.01197949273278	1.02382362396575	1.03425818419613	0.966996303265671
262144	0.996685626166344	1.06315636558683	1.11616547190808	1.14834631608913
524288	1.00939557089086	1.15394388344864	0.965854835832485	0.984976232699189
1048576	1.01047807091996	1.11915351100549	1.0142021311579	1.02112716923271
2048576	1.00717085009872	1.0722679202749	1.01886777413934	1.023163935624
3048576	1.00782112222436	1.00292228896701	0.995314448811455	0.994320848279906
4048576	1.00719013989843	1.0275828332378	1.01069252487484	1.01637241605128
5048576	1.00820409957174	1.02778948316475	1.01304190571148	1.01797940748905
6048576	1.00936648978221	1.04506121830265	1.01789088130871	1.01834771470945
7048576	1.0064517231354	1.02481237958447	1.0046653549359	1.01395513727058
8048576	1.00639315747714	1.02300573313226	1.00712490036589	1.01272273614735
9048576	1.00610117163213	1.02483454500572	1.00518374707013	1.01714022148778
