1	1.00541516245487	1.10770156438026	0.8984375	0.9375
2	1.01198202695956	0.855716425361957	1.14285714285714	1.16190476190476
4	0.960878243512974	1.00558882235529	0.990909090909091	0.972727272727273
8	1.04782947751495	0.816740317130231	0.926470588235294	1.01470588235294
16	0.870373713666727	0.974183065535295	1.26056338028169	1.07746478873239
32	0.889946647138822	0.937754995292395	1.07762557077626	0.894977168949772
64	1.02030822411061	0.966873109606798	0.83495145631068	1.04854368932039
128	0.894616046667304	0.965860189346849	1.29177718832891	1.16976127320955
256	0.979061427524775	0.671769560020052	0.798258345428157	0.947750362844703
512	0.950227935131903	0.771878036021224	0.957878315132605	1.33697347893916
1024	0.941815188831555	0.894361961442274	0.995510662177329	1.35914702581369
2048	1.12692678977361	1.16519789493352	0.940909090909091	1.53376623376623
4096	1.08473439359515	1.07555988315482	0.847843775427176	1.32221318144833
8192	0.984506864844439	1.00023792529146	0.770323928944619	1.03782654127482
16384	1.00571082984146	0.817089291114087	1.25979196096058	1.2987029664826
32768	1.03447124573585	0.904033097041105	0.979518977827884	1.06194413127897
65536	0.991449979114453	0.793387113617377	1.02127417519909	0.966723549488055
131072	1.00933268092321	0.901669848314645	0.985216868275079	1.05964044643454
262144	0.999835239810568	0.690804973222949	0.967480531647052	1.03936998653317
524288	1.00228279100673	0.89860013825354	1.01000693178746	1.02322550255459
1048576	1.00104416925822	0.790494357532181	1.00568139220159	1.01405671226436
2048576	1.00252013368172	0.790905886141069	1.00328371848411	1.00992665819647
3048576	1.00120081606683	0.895988584527478	1.01619835742895	1.01593098668599
4048576	1.00146817674213	0.684671709943523	1.00763191870048	1.0130852739231
5048576	1.00128589654864	0.896173740284074	1.00704910205056	1.01446454625036
6048576	1.00044785505254	1.00121170807861	1.01093997068375	1.01332454155497
7048576	1.00159672553341	0.990001736587268	1.01002754416303	1.01426485890299
8048576	1.00075813796866	1.00164532976008	1.00705284986841	1.01102682873286
9048576	1.00129518759342	1.00409278605349	1.01028326425458	1.02905781257733
