1	1.19960387323944	1.26364436619718	0.863070539419087	0.954356846473029
2	1.08580912863071	1.10755186721992	0.919491525423729	1.01271186440678
4	1.06813782423539	0.995870434894825	0.944029850746269	1.07089552238806
8	0.967516374579572	0.992388033280227	0.948795180722892	0.936746987951807
16	0.995353573929094	1.00719241295907	0.873853211009174	0.910550458715596
32	0.968936421776751	1.036545386145	1.06605504587156	0.90091743119266
64	1.03748375357421	0.992669612685209	0.958860759493671	1.06962025316456
128	0.941619837659442	0.941218446168941	1.16859716859717	1.24581724581725
256	0.93373521279971	1.01953496804605	0.847533632286995	0.965620328849028
512	0.984205812912155	0.980257266140194	0.988197424892704	0.969957081545064
1024	0.893529432461912	0.933253580099222	1.03390979993218	1.31061376737877
2048	1.00685835721415	1.04878127314293	0.862207772100944	1.02059142282087
4096	1.04380057173313	0.992998691797083	1.01544195953142	1.04623713170039
8192	0.908548087866174	0.931746254462685	1.00157078342823	1.06292951109366
16384	1.04500786382751	1.05675341044718	1.00376188297494	1.03327232982563
32768	1.03090546935461	1.11260324025323	0.968429469160326	0.984345914071187
65536	1.01776259607173	1.02181634395859	0.832879090173	0.854111209309956
131072	0.994306930245428	1.09926521783949	1.04550867229553	1.02493385993933
262144	1.00173148389682	1.02236752068896	1.00638158678739	1.01096227227293
524288	1.01882532878188	1.12405914315288	0.969158913194879	1.01186156930814
1024288	0.985500907950359	1.1172018700746	0.996547032104158	0.990835809023868
1524288	1.02892055641746	1.01417072761932	1.00352622962677	0.998274703233079
2024288	1.01134494489043	1.13655020503678	0.964670130263489	1.01292730376528
2524288	1.00845811815356	1.01958476957797	1.09083281307926	1.07761891749576
3024288	0.998073410212605	1.21619979266503	1.01961732724381	0.955087974337884
3524288	1.02484088416355	1.00938899460058	0.941181038792837	1.01394141796765
4024288	1.00618436623625	1.00886124415676	1.01219570313576	1.02472969653295
4524288	1.01712441786295	1.03626620630605	1.01719962517275	1.0722059112508
