1	1.05461847389558	1.35	1.07359307359307	0.9004329004329
2	1.00868838763576	1.02840434419382	0.974468085106383	0.995744680851064
4	1.02915671735579	1.05517154706548	1.0156862745098	1.08235294117647
8	0.861555638258281	0.837662820989951	1.390625	1.053125
16	1.10559131134352	0.948980960042907	1.07673267326733	0.977722772277228
32	0.999632217727106	0.940629433089896	1.02028397565923	1.11967545638945
64	1.02533720494567	0.981219557886849	1.0097244732577	1.04862236628849
128	1.00651849169345	1.05228373545788	1.15513126491647	1.2291169451074
256	1.0114251110214	1.0193379087606	1.12129380053908	1.05840071877808
512	0.944423798101287	1.02243319031048	1.07002314814815	1.10185185185185
1024	1.01311678587105	1.04505667587596	1.13967741935484	1.04967741935484
2048	1.00429663712024	1.01356654712768	1.02190951193445	1.23120769504809
4096	1.00959708608729	1.00427673985553	1.24467282670187	1.19026965868376
8192	1.00519477586236	0.995657844958526	1.02992168756507	1.04273233443484
16384	1.00502138234283	1.00788643533123	1.00588180156536	0.960889534611238
32768	1.00461955335483	1.00693010957213	1.1509135879207	1.04347150460355
65536	1.00663644869296	1.00913250765237	0.963845994249978	1.03513441417944
131072	0.993246490896168	0.996019732728369	0.922126540556762	0.996391167898434
262144	0.994520534709822	0.79298482710256	1.08151227741041	0.979969349901371
524288	1.00376519380817	0.998237155504397	0.977166373400492	1.02269180283181
1024288	1.00405423225994	0.994235057106746	1.05908457538627	1.03221526472234
1524288	1.00443597827638	0.89993558108649	0.964128117173209	1.06662185574037
2024288	0.990308039487412	0.89632599673308	0.93624577409274	1.01679208349014
2524288	1.00559940544194	1.00630155357771	1.03047061296479	1.05613806985624
3024288	0.993530852361707	0.998612908940171	0.966129716134971	1.03025087661079
3524288	0.994953199344893	0.994052182789154	1.09771905558734	1.04217818080191
4024288	0.99550488476141	0.99619132018863	0.977753545913678	1.0749677887066
4524288	1.00126893834375	0.999689434839426	0.990910731263237	1.06008672224585
