1	1.08478802992519	1.06608478802992	1.00847457627119	1.02542372881356
2	0.985294117647059	1.13235294117647	1.10576923076923	1.03846153846154
4	0.964925657643919	1.09492947007244	0.894366197183099	0.971830985915493
8	0.984626471294739	0.96877251981744	0.968152866242038	0.929936305732484
16	0.994851485148515	1.01544554455446	0.985915492957746	0.882629107981221
32	0.980446138641818	0.998658760412255	0.937984496124031	1.18604651162791
64	0.946636421107434	0.900152467368264	1.25916870415648	1.32273838630807
128	0.960654262291875	0.64723836356166	0.855685131195335	1.22594752186589
256	1.01033141973047	0.447864500631082	1.01636904761905	1.1577380952381
512	0.996634241766487	0.299220194549401	1.05671077504726	1.08601134215501
1024	1.00129966810385	0.21283848754614	1.19477989871445	1.35800545383716
2048	1.06477788474763	0.198949715346127	0.850699612980054	1.02917534980649
4096	1.10171267642532	0.224334413989586	0.862207235942768	0.847261459947143
8192	1.01793987736036	0.202351840129029	1.24889042995839	1.23148404993065
16384	0.997615155751813	0.194851101283436	1.0360248447205	0.999346191565871
32768	1.01216763494469	0.198419017319563	0.954080792660111	0.939802134315178
65536	0.990489596444152	0.195290115419176	1.02775978256823	1.00053613313973
131072	0.997752608157812	0.188370679191971	1.00624618853141	1.01797719586791
262144	0.994994807187078	0.183797604978141	1.01452848642921	1.00362517505316
512144	1.00168033802726	0.18293985108403	1.03721302728094	1.01373134270333
762144	1.0039423036491	0.179972062400803	1.02662240396196	1.00877784432167
1012144	1.00168210673589	0.180734329139549	1.01912259057057	1.03010494348237
1262144	0.998591667112367	0.179462742714695	1.02157919601184	1.01944463574937
1512144	0.999160292376861	0.178948145568395	1.02832577309968	1.01904184899525
1762144	0.99962751414368	0.178551613096046	1.01358550333231	1.01777884495228
2012144	0.999192769497111	0.178996570286838	1.01562088704223	1.01948099281991
2262144	1.00145515974759	0.178306590758563	1.02506491782278	1.01980657983213
