1	1.07604103802052	1.04333132166566	0.930555555555556	0.852777777777778
2	1.0200967311541	0.999166110740494	1.01707317073171	1.08536585365854
4	1.03135057152369	1.08572855398957	0.864951768488746	1.008038585209
8	0.954809883651193	0.912738395106153	0.804162724692526	0.87511825922422
16	1.00466842432283	0.736452333372517	1.0550874918989	1.05119896305898
32	1.03098635969408	0.710189492496518	0.997844827586207	1.3
64	1.01905508777723	0.445457964155339	1.13458985930449	1.00557472790019
128	1.01091917459615	0.334665670871137	0.757477477477478	0.758558558558559
256	1.00371576862989	0.265436466292161	1.12425983977708	1.1467258794845
512	1.00674139626352	0.241767491112624	1.04407183786486	0.983194246817675
1024	0.972517535834096	0.21288197621226	0.83391882308314	0.989362228489436
2048	1.00487974381996	0.205784567647338	0.993538602363795	0.988701528300024
4096	0.936812364225069	0.210971630452111	1.12954206010926	1.12784506755717
8192	1.04360145851678	0.216587991194263	0.875350234048622	1.05310345116857
16384	1.04296884075147	0.24101226378145	1.11631738206154	1.15454340278482
32768	1.08717307811654	0.234274653392065	1.07478550798505	1.15098114169215
64018	0.919921487122727	0.220710357914232	1.02306193677945	1.01450213134975
95268	1.03815301438596	0.239196780382179	1.0291631278492	1.10028507674643
126518	0.996835222011146	0.236109728111276	0.951010759385573	1.0457862200324
157768	1.00114823539183	0.23907474964161	1.02998877369682	1.18272543128851
189018	1.00418004269696	0.233615851466459	1.00191388470046	1.06001689426655
220268	1.00140498596429	0.23236289753363	1.08535641780089	1.06521115085124
251518	0.995168461552508	0.232931314840199	1.07631737211861	1.08845369072723
282768	1.00623417880332	0.236150383457632	0.874333358200844	0.967442166942292
