1	0.947915346597389	0.915346597389431	0.932960893854749	0.846368715083799
2	0.908813720819438	1.0078132444021	0.883089770354906	0.778705636743215
4	0.935138148928262	0.978936934704498	1.04658901830283	1.12645590682196
8	0.995997456327386	0.98586017282011	0.806850618458611	0.936251189343482
16	1.01287534427551	0.97165185069079	0.922506738544474	0.951482479784367
32	0.985441499826409	0.899074181229024	1.15404929577465	1.16637323943662
64	1.00871972816023	0.364772298232682	0.955125061304561	1.27905836194213
128	1.01375374661319	0.215179180406856	1.15769867549669	1.3276766004415
256	1.0226312545346	0.170717574014267	0.99095725891911	0.809184033910279
512	1.02132048347096	0.124930163791459	0.80272152715078	0.869792338449632
1024	0.995260436765579	0.113816316536567	0.957414095183609	0.951299746129367
2048	0.977805235581352	0.104285976050632	0.897617935544138	1.05538618317694
4096	0.948215267532024	0.121296039536277	1.0688971000532	1.20988790322967
8192	0.898737507991179	0.145100817067889	1.03202141460652	1.1957348937492
16384	1.03906616961651	0.165006017846642	1.16851052257618	1.13120993295999
32768	1.00538377587348	0.204994862263703	0.974406886240763	0.984931575499626
64018	1.02607632511958	0.227359762688642	1.28508117097526	1.09036049325761
95268	1.00519985740073	0.241034167188139	0.928353128439943	1.06769220348677
126518	0.982749334179918	0.241166969145509	0.993086840887464	1.06967888795117
157768	0.965371152902845	0.2430484265097	0.981981710237206	1.16952197015941
189018	0.974606837234004	0.248439284919539	1.01715211138237	1.07502267670336
220268	0.998309211052928	0.248472505993895	0.984105879823355	1.08331242910968
251518	1.00818080526244	0.252655287369226	0.81541402435733	0.943970484850697
282768	1.01144022930227	0.263691208826721	1.02071261997786	1.05058437729446
