1	1.01042571676803	0.998696785403996	0.911111111111111	0.925925925925926
2	0.862082514734774	0.993320235756385	0.913385826771654	1.05511811023622
4	0.944203683640303	0.940953412784399	1.22047244094488	1.11023622047244
8	0.923589204346302	1.04188573431476	0.932432432432433	0.97972972972973
16	1.05500861432439	0.978095003691853	0.905405405405405	0.95045045045045
32	0.916278676034877	0.754507745703886	1.0337552742616	1.0
64	1.06477631797771	1.07608514884417	1.19243986254296	1.09965635738832
128	0.928973529764044	0.935441370223979	0.94212962962963	1.16898148148148
256	0.952409948943744	1.01438006464003	0.766556291390728	1.20860927152318
512	1.0778104101058	1.0652843140724	1.28125	1.76766304347826
1024	1.00042382758694	0.953251817160779	0.771266540642722	1.36105860113422
2048	0.894556594727207	0.882078232605636	0.769295774647887	1.2087323943662
4096	0.994309921465786	0.973692081887047	1.02980972515856	1.24101479915433
8192	0.992518722240422	1.02986797296988	1.31238515251746	1.05390175180693
16384	1.00995766372905	0.884600279623608	1.13990929705215	1.38061224489796
32768	0.996333079451616	0.76095265774072	0.95569859107682	1.07883260650788
65536	0.996743843284524	1.00031900341717	1.06155156007412	1.12163069063956
131072	1.00173549169264	0.879437086017145	1.01638985199269	1.00370484285874
262144	1.00073215395396	1.00149520101624	1.01692158760891	1.00978759751723
524288	1.0017174774966	0.877493200485215	1.00928328704625	1.00352524192451
1024288	1.00029812544252	0.756943140023344	1.00822997740688	1.0077981952201
1524288	1.0009561052778	1.0012457197587	1.01401657792344	1.00868141964121
2024288	1.00163938924108	0.757719908709053	1.00891428795134	1.01984116392004
2524288	1.00131577762746	1.00079506318964	1.00721858083495	1.00676999131125
3024288	1.00117910387212	1.00087150086775	1.01466613415553	1.00768604740169
3524288	1.00054403005985	1.0016147719468	1.00868020501239	1.01438274998494
4024288	1.00101018227747	1.00089056294535	1.00666550050958	1.01511525128466
4524288	1.00259100766348	1.00094242345767	1.00808781913471	1.01183102021848
