1	1.00872359963269	1.17952249770432	1.075	1.08333333333333
2	0.9585734870317	0.80007204610951	1.00751879699248	0.962406015037594
4	1.02595628415301	1.05928961748634	0.951724137931034	1.22758620689655
8	0.990524919461815	1.01269660792117	1.26896551724138	1.11724137931034
16	0.959524381455681	1.03579149651693	0.8559670781893	0.786008230452675
32	0.938042553191489	0.932340425531915	0.974137931034483	1.18534482758621
64	0.845219408994745	0.795673240974544	0.796296296296296	0.966049382716049
128	0.877929002385295	0.945629297039427	1.0537084398977	1.26598465473146
256	1.09829639680386	1.15445499773858	1.0207468879668	1.42738589211618
512	1.00546888492315	0.977721489839387	0.920046349942063	1.4936268829664
1024	0.921499362182318	1.00343440290452	1.03809523809524	1.35619047619048
2048	1.07574598316756	0.958925623162727	1.03974307507025	1.2368526696106
4096	1.01085079438176	1.00981464425512	1.11820947414168	1.12994350282486
8192	1.04290831791521	1.02505609573672	1.00298937112489	1.09997785651019
16384	1.00599683057244	1.01557351817861	1.0538008306771	0.915145368492224
32768	1.00132530960881	1.01010786371505	1.08370809029788	0.984683200498687
65536	0.992818930386221	0.994328263093461	1.00205639538966	0.972945861629668
131072	0.991932592640524	1.01065919095079	1.01152646352951	0.993888844182094
262144	1.00738125056947	1.01358693224757	1.02090855616341	1.01442883348717
524288	1.00812820363032	1.00219677507441	1.02908756427462	1.01929195553756
1024288	0.999270799931297	1.00477101822011	1.00428324246678	1.00610373923031
1524288	1.00557525747511	1.00857151346599	1.01285267251719	1.01852936671026
2024288	1.00636697414921	1.00698328399132	1.00611743594447	1.01052185707942
2524288	1.00361925181344	1.00647218171337	1.00393275610389	1.00345004037127
3024288	1.00392227797302	1.06440930335736	1.00629911938814	1.02342730796767
3524288	1.00487767068194	1.00776487380279	1.01117104889657	1.00960677177807
4024288	1.01005922862536	1.00962225131488	1.02334608324495	1.01796896884029
4524288	0.996807330885055	1.00275761241915	1.00265383716875	1.01059963908573
