1	1.04145751998513	1.05670198921733	1.05098039215686	0.933333333333333
2	1.23409669211196	1.15267175572519	0.96085409252669	1.03202846975089
4	1.14663835810333	1.09568294409059	0.94620253164557	1.03481012658228
8	1.06905938098599	1.09033168666196	1.01813471502591	1.0259067357513
16	0.98952738990333	1.01047261009667	1.17013232514178	1.1890359168242
32	1.02174736045093	0.650612038867623	1.12096774193548	1.01958525345622
64	1.04649499284692	0.527970993044251	1.14703832752613	1.07038327526132
128	1.00423684873265	0.313082381523784	1.22343434343434	1.09818181818182
256	1.0926566915679	0.323854798781957	0.968055555555555	0.978472222222222
512	0.936058506429644	0.273343044966835	0.977383592017738	1.12475979305248
1024	0.991427967445302	0.275171757742311	1.01589190107929	1.06127305175491
2048	1.01715673904193	0.252970212078694	0.933021806853582	0.874363650178558
4096	1.03767033086213	0.247331257214127	1.00343597773138	0.961921537926235
8192	0.995166957346723	0.232385245710141	0.969947289749036	1.01564449239691
16384	0.999706531988548	0.230260133466472	1.04177411799512	1.11161953600749
32768	0.995829432431378	0.22850172366915	0.984844259749211	1.05814952605722
65536	1.00571085563365	0.225272181352328	1.00614689069055	0.996922207490165
128036	1.00715041049322	0.226416054701144	0.98907924757556	1.14661788551301
190536	0.999415055441659	0.225327293246926	1.05830581557187	1.15774065739953
253036	0.999281679124186	0.226687978460597	0.901387075242971	0.963334490832193
315536	1.00772627930423	0.220609533234474	0.9569762585382	1.06893870550357
378036	1.00289759458434	0.221123686300416	1.05479442125106	1.07237671606992
440536	0.990917226379244	0.221278973228219	1.00487384280969	1.20984405864358
503036	1.00294343268549	0.220460453147756	1.00568265876159	1.12300006117904
565536	1.00109887435682	0.221014725375904	1.01328472582466	1.25242222102415
