1	1.07935595169638	1.00690051753882	1.09090909090909	1.04545454545455
2	0.98502994011976	0.960079840319361	0.920634920634921	0.896825396825397
4	1.0280701754386	1.00070175438596	0.991735537190083	1.03305785123967
8	0.820058422590068	0.918013631937683	0.985815602836879	1.14893617021277
16	0.984846648078555	0.946054067159656	1.18348623853211	0.889908256880734
32	0.940588157371838	0.947344019075374	0.920289855072464	0.873188405797101
64	1.02681854228246	0.849145699661163	1.51404494382022	1.60393258426966
128	0.983512786002692	0.583408105278899	0.996592844974446	1.64395229982964
256	0.987774540456301	0.413565129853159	0.759223300970874	0.856957928802589
512	1.00449487474648	0.299013320177602	1.17861635220126	1.67169811320755
1024	0.902553340328786	0.198712200705905	1.06216807247735	1.14932833489535
2048	1.16204657154979	0.28837631348308	0.84807141654034	1.28667677278087
4096	1.08090092832141	0.277791305230051	1.02118034135307	1.13026938104051
8192	0.765974490968744	0.33899891100167	0.94588944229232	1.2757793764988
16384	0.932756030372519	0.347958959059503	1.02720969016062	1.09994441031042
32768	1.13235380823792	0.45456332126615	1.09793455163621	1.1139141521462
65536	1.02156892189072	0.525494945639131	1.04654619710062	0.99627630423195
131072	0.939566105423501	0.599422716146762	0.997636226517036	0.998638016231244
262144	0.983040251144427	0.646542612319898	1.01028080523639	1.01504362051217
512144	1.00634994068839	0.694865599973811	1.01282242938495	1.00253538476258
762144	0.989091657328443	0.703538586024342	1.0345324104309	1.01495451341191
1012144	0.974038829305847	0.701407634000418	1.0346309960339	1.02907732369128
1262144	0.991550008421624	0.720985936910784	1.00337841158547	1.00178319845352
1512144	1.00667883496619	0.722981994337517	0.993294583226914	1.00762888474685
1762144	0.999833328171818	0.72824203515623	1.02011340587756	1.01681131097787
2012144	1.00582870420655	0.732811603827426	1.01803560400752	1.02479050115838
2262144	1.00035824881144	0.740960548393701	1.00454437337613	0.992414337752279
