1	1.02199570815451	0.978004291845494	1.05982905982906	1.00854700854701
2	1.03798822899946	0.94275013376137	0.81203007518797	0.909774436090225
4	1.01531339031339	1.03169515669516	1.00806451612903	1.07258064516129
8	0.920403850669171	1.09931908898803	1.09285714285714	1.14285714285714
16	0.946932228311723	1.03729447934768	1.06077348066298	1.12154696132597
32	0.996406238769496	0.97175303672824	0.92156862745098	1.01176470588235
64	0.987354232924428	0.865970013630168	0.931873479318735	1.11922141119221
128	1.01497202699743	0.677066119816035	1.1633281972265	1.17257318952234
256	1.01050075810351	0.324130229889768	1.019248395967	1.56461961503208
512	1.0051157547906	0.389512702679268	1.4405684754522	1.5109819121447
1024	1.02545923880418	0.211775123063993	0.924490381854723	1.29715762273902
2048	0.895771309862555	0.178519702433636	1.25009693679721	1.32163629313687
4096	1.09635941182998	0.223077233462342	1.09433517842421	1.17960193145684
8192	0.983735704024329	0.194032304707177	1.31025028121485	1.08555961754781
16384	1.04070053224602	0.204261946937865	1.13834020957319	1.13604001606484
32768	1.0089503219461	0.191671582689381	1.06951230898509	1.01198219787744
65536	1.01831506183635	0.18823344901783	1.00177502154331	0.982662237705582
131072	1.00179812103517	0.179803757740707	1.00695065517254	1.01671051801493
262144	1.00494504974599	0.181874110522696	1.02629838465591	1.00076600864656
512144	1.00283767237111	0.177319756667052	1.0252968773833	1.01128634398041
762144	1.00217853360223	0.175892268915011	1.01481072948634	1.00603117334753
1012144	0.999168004528559	0.176574205704392	1.01893448051958	1.00954408758693
1262144	0.99938077947917	0.17642528118134	1.02566065328873	1.01659866446415
1512144	1.00107529631479	0.177247961536661	1.01557463015931	1.01883558741637
1762144	1.00093039277093	0.177188037214219	1.01055345919263	1.01453128361368
2012144	1.00082935583099	0.177670945382301	1.01622121765551	1.01460238402628
2262144	1.00080277997451	0.176678363985252	1.0172150499756	1.01423772225385
