1	0.922909880564604	0.903365906623236	1.03305785123967	1.00826446280992
2	0.962750716332378	1.02521489971347	1.01941747572816	1.20388349514563
4	0.91864679822795	0.941602899718083	1.14492753623188	0.891304347826087
8	1.07725856697819	1.13956386292835	0.901315789473684	0.940789473684211
16	0.962401055408971	0.962401055408971	0.994505494505494	0.978021978021978
32	0.992445877475817	0.932749884845693	1.17961165048544	1.28155339805825
64	1.00847502516023	0.823560569945442	0.989664082687339	1.01808785529716
128	0.992249742561379	0.855942767329684	1.15221579961464	1.00963391136802
256	0.985257178740652	0.414568704686876	0.844142259414226	0.990585774058578
512	1.00104949652532	0.439880867961991	0.803260258572232	1.01405283867341
1024	1.06360371369387	0.52641461633608	0.744711538461538	1.08509615384615
2048	1.22615584576345	0.659086287235077	0.864853556485356	1.37991631799163
4096	1.03381830151415	0.547215273206057	0.742304309586632	1.36565523306948
8192	0.903091666130105	0.564795140900994	0.871283603346982	1.02617055367634
16384	1.09770065858149	0.456750934730209	0.880252957976336	0.935842513259894
32768	0.936494425249414	0.645980717093556	1.09642836333974	1.12223970168385
65536	1.02891961504325	0.624960843006561	1.08508808433902	1.12267998335414
131072	0.956216324445597	0.679655152054995	0.996401975779154	1.09053982899982
262144	0.999353064162325	0.972293865962892	0.960859969111226	1.01049577016187
524288	1.00221307373024	1.0355092779005	1.03119910660276	1.02474162310838
1048576	0.998694185624512	1.12980317218101	1.02119002501716	1.01875130163807
2048576	1.00131032574704	1.08238337482346	1.00752033359076	1.00376376942884
3048576	0.999204098786286	1.08005704376299	1.01854530529621	1.01056638759715
4048576	0.999960428705385	1.06098826087381	1.00377805040653	1.00393634026546
5048576	1.00057053870237	1.07248670977531	1.00207102096939	1.00080390241616
6048576	0.999659022577598	1.07657405156668	0.990530967028182	0.998272339171383
7048576	1.00273091206195	1.0659892118557	1.00714880477797	1.01161661555069
8048576	1.00340711047567	1.08431447533891	1.01248045055939	1.01316784227454
9048576	1.00280826343522	1.08014730811425	1.01051299897216	1.01775596454123
