1	1.12355658198614	1.08083140877598	1.17857142857143	0.946428571428572
2	1.01360887096774	0.888104838709677	1.07339449541284	0.981651376146789
4	0.954365079365079	1.04642857142857	1.03053435114504	0.969465648854962
8	0.991101805809997	0.993718921748234	1.10948905109489	0.985401459854015
16	1.03552833078101	1.02986217457887	1.15789473684211	1.125
32	0.961699983201747	0.953636821770536	1.24615384615385	1.36410256410256
64	0.971937221831811	0.965425158116655	1.11538461538462	1.38111888111888
128	0.947991427432217	0.838541666666667	0.978401727861771	1.207343412527
256	1.00553065145252	0.93663037783082	0.761376248612653	1.09988901220866
512	0.962595904983836	0.648543349513222	0.976441917140536	1.62550771730301
1024	1.70715121380521	0.622884719842895	1.05865522174535	1.84763948497854
2048	0.730198542612736	0.502818407434787	1.20281690140845	1.76854460093897
4096	0.998799610908363	0.550681945182231	0.788977367979883	1.00502933780386
8192	1.06316131858795	0.50269505994185	0.783110003116235	1.20785291368027
16384	0.814484987987875	0.6791001597424	0.895723014256619	1.14175152749491
32768	0.85235618644026	0.65848755599678	1.03284303848479	1.39094297803748
65536	0.96475041993632	0.92352980503255	1.17171225542685	1.60008436354197
131072	0.961046541758838	0.99762149600264	0.843981735159817	1.07316894977169
262144	0.924323078316278	1.13766475397015	1.02959038705549	0.958545261308549
524288	1.00305006238985	1.20299859683535	1.00421877897513	1.03257577318526
1048576	1.02567431813968	1.2575031609072	1.00332588134576	1.00058993124294
2048576	1.0064842806787	1.25449263068016	1.01575852424081	1.00334909429941
3048576	1.0024757415058	1.22295858372118	1.0071365748009	1.00073368324152
4048576	1.00118453141995	1.2419308976662	1.00532669769451	1.01081653354435
5048576	1.00852543485929	1.19636616388963	1.01485205588214	1.01138552480599
6048576	1.00354351006142	1.21296856992918	1.01087413341242	1.00914687118786
7048576	0.997413405233841	1.20803985007661	0.998894420013591	1.00180716084583
8048576	1.00227716086353	1.21668843389555	1.00139546406736	1.02797450430975
9048576	1.0019731031133	1.21787455883676	1.00659828263877	1.01213139350336
