1	0.905491024287223	0.885427666314678	0.943548387096774	0.943548387096774
2	0.879178885630498	0.872727272727273	0.961538461538461	1.23076923076923
4	0.949521322889469	0.959965187119234	0.890625	0.9765625
8	1.05526826115061	1.15578539107951	1.00751879699248	1.19548872180451
16	1.15980198019802	1.06455445544554	1.16447368421053	1.29605263157895
32	0.987176470588235	1.13082352941176	0.959459459459459	1.0045045045045
64	1.00121227588847	0.994831876475468	0.866477272727273	0.860795454545455
128	1.18936877076412	1.1733902863471	0.84652278177458	1.32853717026379
256	1.05743120009727	1.07639930288169	0.936475409836066	1.57991803278689
512	0.91455153839876	0.769172175521641	1.29672131147541	1.28852459016393
1024	0.961446821453919	0.75522153502991	0.796688132474701	1.09291628334867
2048	0.939650757463118	0.988055706993111	0.978763272954404	1.68519675202998
4096	0.996017382819148	0.857692351332645	1.48751642575558	1.51116951379763
8192	0.979439524895275	0.836861710589109	1.16189076659319	1.29635072250796
16384	0.989323197409708	0.757115707347433	1.14993215739484	1.24592944369064
32768	1.00412062579723	0.613648588421522	1.07854901744922	1.38107557659492
65536	0.992804945726627	0.875984274886777	1.0399082819239	1.18884096740733
131072	1.0010338058952	0.741757450358391	0.979142615254368	1.07980121164143
262144	1.00198791526666	0.736868611141672	1.02007279144149	1.04796615097707
524288	0.999827335012243	1.00041257844443	1.01428034126183	1.01016453695416
1048576	1.00008150692857	0.604407479621156	1.01464929707049	1.02050479656359
2048576	1.00192838638738	0.737262151854888	1.01378362085489	1.0171920377157
3048576	1.00057732635348	0.869078686355799	1.00953808004658	1.01367742355794
4048576	1.00076317633103	0.605083045900728	1.0078602781386	1.0209198027543
5048576	1.00129607416256	1.00073248394646	1.00858582822555	1.01622740582912
6048576	1.00099066096288	0.868867099684995	1.01159077177532	1.0159573697133
7048576	1.00072585618558	0.73696787936836	1.0036911640088	1.01895040278974
8048576	1.00061860992891	0.868752719541743	1.00879372759284	1.0099059704002
9048576	1.00016656552135	1.00126815843399	1.00627870601862	1.01686019142178
