1	1.01527614571093	0.988249118683901	0.942148760330579	0.950413223140496
2	1.04218657159834	1.00534759358289	1.11111111111111	1.13888888888889
4	0.882087099424815	1.05505341002465	0.992857142857143	0.928571428571428
8	0.982839313572543	0.93473738949558	0.846666666666666	0.926666666666667
16	1.00409836065574	0.961853720050442	0.873626373626374	0.906593406593407
32	1.06437188019967	1.04118136439268	0.906542056074766	1.02803738317757
64	0.986660370676426	0.968834848305985	1.03071672354949	0.976109215017065
128	1.03945805656974	0.906655522808252	0.966101694915254	1.34866828087167
256	1.00388648529735	0.865916257241329	0.884969325153374	1.01687116564417
512	0.998325554882611	1.00203071003598	0.802197802197802	1.01868131868132
1024	1.03103079698043	0.982463758434097	1.07621951219512	1.61686991869919
2048	1.1148709408826	0.967393838467943	1.08409387222947	1.36245110821382
4096	1.39870887283131	1.21156879286946	0.901697086135126	1.15305795709254
8192	1.16940460669274	1.2241054613936	0.909983015663333	0.963955463294961
16384	0.995349492671928	1.02268883878241	0.959093090211132	1.53490882917466
32768	1.04586844552015	1.13807759854779	0.923803809809509	1.15094245287736
65536	1.0521841636158	1.19017270130916	1.23596268023749	1.09134860050891
131072	0.998917235880971	1.17760563683768	1.10446167138674	1.09657754524072
262144	1.01396881991888	1.17977602029218	0.986148687943442	1.00820762302585
524288	1.007666714885	1.1734079604758	0.99738169955837	1.01266704184511
1048576	1.00603190924771	1.42041511874751	1.0007623037246	1.03648965071766
2048576	1.00840941740618	1.11179008793747	1.01096308921386	1.0210248671057
3048576	1.01257438807327	1.22005518076401	1.00354373645707	1.00341227460538
4048576	1.00727528539138	1.12105806471817	1.0144075931759	1.02037304809887
5048576	1.01667266357147	1.33769947861352	1.01860593995655	1.01570097333077
6048576	1.01153106402058	1.1229102476795	1.01530441865542	1.02535079784014
7048576	1.02610050788988	1.12456982340466	1.02621729107674	1.01100028562008
8048576	1.01607314664387	1.01158446401649	1.01262688470683	1.01346601807054
9048576	1.00693816586612	1.1301332641012	1.01118820091826	1.00961328681038
