1	0.930261519302615	1.06683271066833	1.06034482758621	1.06896551724138
2	0.970235634559735	0.965688300950806	1.140625	1.0390625
4	1.09876033057851	1.19710743801653	1.05147058823529	1.13235294117647
8	1.00310988251555	0.929163787145819	1.09933774834437	1.14569536423841
16	1.06721845999498	0.893654376724354	1.08181818181818	0.918181818181818
32	1.03519742719314	1.16062176165803	0.917177914110429	1.23312883435583
64	0.989194393923184	0.963089761420777	0.990272373540856	1.17704280155642
128	0.893743384687757	0.720922027519699	1.075	1.22840909090909
256	0.961793667626117	0.538282078472959	1.07529411764706	1.14176470588235
512	0.984437742639585	0.468667210956896	0.916272189349112	1.1292899408284
1024	0.973920811716784	0.43071639907223	0.959210744486818	1.10379704858232
2048	0.9865707813515	0.398275230274664	0.918759348185468	1.00551050932851
4096	1.01339955320679	0.389809041516127	1.02927487059028	1.16729740310583
8192	0.997341319625982	0.392164369440977	0.964878188475464	1.01795978480987
16384	0.995160398376857	0.388732681401473	0.998515203905217	1.05320858334181
32768	0.998225446306775	0.385238385616613	0.98461653498168	1.04593105854789
64018	1.00043613443427	0.384161383395485	0.986868270568235	1.03101334294987
95268	1.00086414238955	0.385020621454764	1.00530876673265	1.02602126275281
126518	1.00032309092716	0.383727203468377	1.01272458326073	1.03633424042283
157768	0.999892918737731	0.381253776996541	0.974119093427098	1.04404843845886
189018	0.999337559734574	0.382953505750799	0.998118888683861	1.03920162522421
220268	0.999638718101664	0.381712619853702	0.987563933219942	1.0496259001918
251518	0.999445204138987	0.38163774986519	0.993465433378518	1.06298740132366
282768	0.999426201720218	0.382269710590396	0.983646894780144	1.05075655238645
