1	0.927243969948596	0.972321075523922	1.01538461538462	1.03076923076923
2	1.13184682501212	0.904507998061076	0.821192052980133	0.76158940397351
4	1.05853098699311	0.854628921193573	1.12857142857143	0.942857142857143
8	0.962132352941176	1.03897058823529	0.888888888888889	1.10526315789474
16	0.89149125407649	1.0489178772606	0.895196506550219	0.978165938864629
32	0.971069868995633	1.07232532751092	1.02848101265823	1.11708860759494
64	0.906023067065357	1.03353267834259	1.05783582089552	1.14179104477612
128	0.982773773949728	1.13693091931798	0.988290398126464	1.16978922716628
256	1.02565606216097	1.16683770708107	1.00938416422287	1.08856304985337
512	1.0388468615825	1.06706195052137	0.95268691588785	1.05315420560748
1024	0.975040783034258	0.95073409461664	0.971815107102593	1.10404251892414
2048	1.04103368835765	0.909051450702815	1.06735622672735	1.07182457592056
4096	1.01606786427146	0.936407185628742	0.996334835910182	1.10730083835362
8192	0.98535864748044	0.946347868906276	0.983818770226537	1.03410963527707
16384	0.995533643381347	0.912766286441545	0.977223834053723	1.06581206702587
32768	0.978740045944165	0.917161931625722	0.971247863587583	1.05978476886999
64018	0.982267428849117	0.847589086468064	0.962695377892121	1.03018051922878
95268	0.987091022748892	0.893868942461881	0.97932527104374	1.01419869399681
126518	0.961807654898662	0.863893562209195	1.00117107673138	1.02839279412962
157768	0.990140222775155	0.847046551569492	0.984271658724944	1.03400708433425
189018	0.986131478330609	0.870574016780794	1.00058674390832	1.03023589006199
220268	0.994832655428424	0.861899439624214	0.965070622279303	1.05663096199593
251518	0.988111459283813	0.863241321613939	0.97270740730417	1.0301493595773
282768	0.990354805764219	0.856800963348111	1.02542963733105	1.10487315469274
