1	1.02676253245456	1.03375274615538	1.07441860465116	1.08837209302326
2	0.813947470565403	0.805020054340794	1.14468085106383	1.00851063829787
4	1.0028567541831	1.07835668616515	1.2057761732852	1.01805054151625
8	1.02203885523292	0.931794443283894	1.0	0.884393063583815
16	0.979820627802691	1.03114100647733	1.14758269720102	0.951653944020356
32	1.00972189019045	0.997370308391107	1.0431654676259	1.09352517985612
64	0.962763972837848	1.12939332885606	1.39092495636998	0.940663176265271
128	0.982811585722645	1.04293446459918	0.931659693165969	0.99163179916318
256	1.00811477538302	0.917878473123864	0.976808905380334	0.975881261595548
512	0.99578722334004	1.05715543259557	1.15883100381194	1.07115628970775
1024	1.12840261038274	1.20788994061967	1.03038770520433	1.10967516590988
2048	0.984091989798124	1.1430856352397	1.15180865783752	1.15734334848784
4096	1.05142265907915	1.24652526297638	0.945901953274607	1.23487169666794
8192	1.02997903563941	1.22974609829956	1.06132190346306	1.06892016949978
16384	1.03950229698008	1.18745949682455	1.18986602997745	1.10484149091391
32768	1.01969540169004	1.10260024935014	1.09076618139567	1.09377349463468
65536	1.00836352407503	1.1574760684913	0.940595672772262	0.893080660249253
131072	1.02063821808737	1.04927314178969	0.889207966651227	0.885547461647508
262144	1.01882492408164	1.02561839433709	0.989398710949726	1.06320611786473
524288	1.00705620247148	1.00865672528517	1.03856975322002	1.0939908092954
1024288	1.01165217385974	1.02479117454415	0.93838854101145	0.962728924531174
1524288	1.01986479018208	1.03876525799435	0.987058172618563	1.09485884023945
2024288	0.980301204495411	0.997458908680923	1.01639031803425	1.1010667405522
2524288	1.01125599693209	1.00489632861742	1.05592132361216	0.93067659783488
3024288	1.02118437231507	1.02230346970417	0.939250840562072	0.957856035224598
3524288	1.00645991963355	1.00741922358443	0.945733518256938	1.04152221820414
4024288	0.999656870195426	1.13400799278578	1.02503881903087	0.915708402118166
4524288	0.998373651621584	1.00933423796084	1.04711945997277	1.06638435966771
