1	0.958424074440705	0.925955256384874	1.35159817351598	0.986301369863014
2	1.12650602409639	1.27692588535962	0.874551971326165	0.899641577060932
4	0.961564579655032	0.919054733125085	1.31985294117647	1.03676470588235
8	1.0331578357791	1.10955528172958	1.03934426229508	1.15081967213115
16	0.951165456629729	0.908444784103936	0.929292929292929	0.946969696969697
32	1.0288305559652	0.982450965934228	0.96584440227704	0.901328273244782
64	1.0168301989643	1.04101935132189	0.920529801324503	1.02317880794702
128	1.05558517728606	1.13336443615036	0.948529411764706	0.926470588235294
256	1.07131157131157	1.0962910962911	0.814249363867684	0.867684478371501
512	1.01910519951632	1.06723095525998	0.924517261556466	0.97776477472206
1024	1.03191868758916	1.0984664764622	1.00612244897959	1.05510204081633
2048	1.02435036785652	1.11716911491491	0.984411395807203	1.09532341874216
4096	0.987580578390207	1.13367141758827	1.01500546556693	1.09927457020769
8192	0.983388108266802	1.0321473133099	1.0860901528342	1.03806345521377
16384	1.00801313977838	0.975495730014742	1.01450408636868	0.96493794773484
32768	1.00210631162446	1.01560315444153	1.07338906256455	1.11284480740363
65536	1.00707182062634	1.01034058364102	1.08297660562272	1.03004865417946
131072	0.995316598415895	1.00007500943478	1.08546351174049	1.06507196825253
262144	1.00981010500983	1.00479494482761	0.985670896328294	0.982323164146868
524288	0.997656074990223	1.0046362458164	0.972499038664637	1.06052283103786
1024288	1.00217317742488	1.00574181075905	1.00212418651603	1.13758993964647
1524288	1.00055796515163	1.00412388827485	1.0271548994776	0.99574239156245
2024288	1.00066762407981	1.00322061024169	0.968378319493821	1.03108703686215
2524288	0.999312545978862	0.997952371516021	0.878782408815971	0.99268234039211
3024288	1.00332970083425	1.00233645262332	1.05119509466707	1.02588862751924
3524288	0.998983003136449	1.00270286542278	0.997012916653657	1.10581449498932
4024288	1.05903741921712	1.00188315598675	1.05636980364183	0.988011468817414
4524288	0.996725856489224	0.998767702562989	1.02948473977054	1.13657562127862
