1	0.943122460824144	0.944863609982588	0.897637795275591	0.889763779527559
2	0.919337016574586	0.948618784530387	1.15151515151515	1.21212121212121
4	1.04723745255167	1.06832560101223	0.923664122137405	1.00763358778626
8	1.10194174757282	1.15898058252427	0.977099236641221	0.893129770992366
16	0.914229053049083	1.02115352834242	0.766839378238342	0.808290155440414
32	0.995077286600374	0.872698631485675	0.844897959183674	0.975510204081632
64	0.839572511791749	0.705833184070691	0.893687707641196	1.31893687707641
128	0.755037062832695	0.850455201233769	1.00724637681159	0.903381642512077
256	0.898797470969875	0.974048514401421	0.811881188118812	1.25544554455446
512	1.28986309643648	1.09678880612039	0.851145038167939	1.08905852417303
1024	1.06073817935804	0.935503269939111	1.00675024108004	1.26133076181292
2048	1.10294170211245	0.968474103728062	0.668639053254438	1.05056481979559
4096	1.01526462022562	1.07227262076122	1.06549324600901	1.31477691363078
8192	1.19546070460705	1.41832279433905	0.814285714285714	1.2781512605042
16384	0.993795759945897	1.29595107177512	1.01664658854452	1.07228123973278
32768	1.01409519246127	1.18285816962147	1.23326697329581	1.2384155968971
65536	0.977301246479462	1.13046206184992	1.02192141830379	1.05261739338764
131072	0.977452967445146	1.02091550539497	1.01269912143617	1.13966407081041
262144	0.986399242069073	1.05515510235974	0.995481513955867	1.01393540844659
524288	0.989032830616703	1.14039919761385	0.998414812665673	1.0099885265143
1048576	1.02119709008693	1.34150742067301	1.01411301932111	1.01807730745755
2048576	1.02385697581756	1.36546759910926	1.01456110781885	1.01881032482522
3048576	1.01523842818556	1.14638256994276	1.01038886226893	1.01604409149773
4048576	1.01087173409373	1.02522933534727	1.00127274011868	1.00518736517374
5048576	1.00837757871642	1.26870975098618	1.00100559160678	1.00448331758109
6048576	1.00443117989604	1.2303249108269	1.00022949866707	0.996778470000119
7048576	1.0151221375775	1.12114285191548	1.01132791899589	1.0115484557632
8048576	1.04186574344383	1.2407691900196	1.03413208944322	1.01395699108892
9048576	1.03989890951319	1.02587364100336	1.02403333283642	1.01109807546101
