1	1.0994623655914	1.0510752688172	1.1140350877193	0.868421052631579
2	0.913971539456662	1.07697283311772	1.02702702702703	1.10810810810811
4	1.021103117506	0.998561151079137	1.04545454545455	1.14393939393939
8	0.959133126934984	1.07461300309598	0.969924812030075	0.984962406015038
16	0.791809489446148	0.930903842684467	0.948717948717949	0.928205128205128
32	1.01467948040976	0.852677157038758	0.944954128440367	1.14678899082569
64	0.975611580758585	1.07915014588165	0.784848484848485	0.990909090909091
128	0.786627110908261	1.14976038338658	0.798507462686567	0.950248756218905
256	0.847905356129973	0.776193177214164	0.944816053511706	1.05852842809365
512	1.05031677531907	1.31907079239739	1.25486381322957	1.87548638132296
1024	0.895900491680505	0.820097033636156	1.07645631067961	1.42111650485437
2048	1.04733975701718	0.996151026392962	1.12429378531073	1.35098870056497
4096	1.10396437493212	1.12379711089389	1.11681735985533	1.37974683544304
8192	0.962618487181118	0.839340924995229	0.958271604938272	1.4320987654321
16384	0.997176356483039	1.10388818058804	1.02592960388392	0.92022509102946
32768	1.01130242524094	0.950095182810753	1.28854640980736	1.29464098073555
65536	1.00407728131371	0.818829838966091	0.979017592941303	0.836848334857696
131072	0.997101642244218	0.701193343525535	1.03847135926462	1.14676426362527
262144	1.00618982580612	0.900124358727569	0.985267865085908	1.01291730670004
524288	1.00183874633743	1.00222529745108	0.993766816143498	1.02224215246637
1048576	1.00619820809876	1.00599418205773	1.0014379125317	1.02428117234886
2048576	1.00435840003074	1.003418578997	1.01567234552892	1.0156421166768
3048576	1.00636350308487	1.00758000449077	1.02243446563302	1.00458496922113
4048576	1.00690274871981	0.98217021202131	1.03412040448941	1.0167232724333
5048576	1.00368706271634	1.01425883749568	1.01404320325901	1.01862698327616
6048576	1.00455724900712	1.00496173079008	1.00730083077424	1.00977514675709
7048576	1.00518454942229	1.00813953281001	1.00256512113199	1.0219825358479
8048576	1.00278155216684	0.997775348773028	1.00224533731166	1.02719063000766
9048576	1.00289471695826	1.0177620891802	1.01183861968378	1.00838160941364
