1	0.851796851796852	0.805761805761806	1.29230769230769	0.888461538461538
2	0.990297542043984	1.00501293661061	0.885714285714286	0.982142857142857
4	1.00408863096808	1.0816407280401	0.936416184971098	0.803468208092486
8	0.938932011596372	0.994669409894324	1.13351498637602	1.03269754768392
16	0.951305750263631	0.849513057502636	0.98448275862069	1.05172413793103
32	1.0110370764011	0.696970935698811	1.09352517985612	0.992805755395684
64	1.05717480242929	0.517012680100628	0.944366197183099	0.984507042253521
128	0.986069254860249	0.376026709212315	0.886299718762555	0.955002008838891
256	0.958110939161377	0.291949594163535	1.04347826086957	1.09775857412908
512	1.0937415745484	0.347271838770558	1.00060413834768	1.07959522730705
1024	1.00863255947606	0.332072173465356	0.98252722208154	1.13007512450409
2048	1.01647732550391	0.341460262587182	0.914451106057474	1.0148439115154
4096	0.997257577003742	0.365192046716289	1.09147860753186	1.10479105858902
8192	0.991520968517183	0.377583513578467	0.98119996401907	1.2277817756589
16384	1.04461599840759	0.416730503928038	1.00229977349214	0.975852378332565
32768	1.00988812465685	0.423020224399265	0.976532789584565	0.931105106215969
65536	0.983919189117345	0.427207101002046	0.991147997984346	0.91105350266057
128036	1.0054423712853	0.431889146711245	0.981703067852734	0.979177483183921
190536	0.999499552797098	0.4317087285704	1.18369255018459	1.0311808841449
253036	0.996269352351062	0.436074785557354	1.22175311653994	1.0874003660605
315536	0.986844544778044	0.435841129386436	0.98860873981601	0.990441230352453
378036	1.00859483979006	0.443768457895968	0.983977791988672	1.00931131958724
440536	0.998597265441328	0.436903265565052	0.984312450486512	1.0350419061119
503036	1.00474879807484	0.439418236601675	1.07698483964632	1.07442482452288
565536	0.980064118664668	0.430239729147519	1.12193657949895	1.06076940140867
