1	0.962508638562543	0.951278507256393	1.01777777777778	1.14222222222222
2	0.933493975903614	0.894136546184739	0.915789473684211	0.989473684210527
4	0.970258680315396	1.01936644072486	1.0	1.11666666666667
8	1.16981132075472	0.914944594189877	0.982051282051282	0.969230769230769
16	0.985499774440936	0.84623316362699	0.883913764510779	0.978441127694859
32	0.993001235076163	0.701770275833676	1.07936507936508	1.01587301587302
64	0.994625719769674	0.53591650671785	0.96262341325811	1.1163610719323
128	0.98051844437675	0.356789532471677	1.04970873786408	1.01902912621359
256	0.981872219629062	0.311553959438734	1.04696899583526	0.91693660342434
512	0.96007142905458	0.324197268650356	0.981595995288575	1.12426383981154
1024	1.00047312466371	0.329563797613967	1.03119613926232	1.02697345742847
2048	0.984676769328296	0.332633432868359	1.0886092371562	0.965490399584847
4096	0.99273175841398	0.345625660694549	0.909079421242181	1.00018954950401
8192	0.994380703267931	0.342481212384988	1.0476639976901	1.0628338534321
16384	1.00595672620239	0.345966874131433	0.931823204939502	1.05178859456485
32768	1.00026290737247	0.346929194005347	1.02202323787829	0.796169469656055
65536	1.00584156220908	0.34551642011102	1.11391958671819	0.863350144875255
128036	1.00354654037091	0.350318575352361	1.02457669517003	0.895785999843943
190536	1.00072543772862	0.345636014397253	1.02069431498539	0.88800374195688
253036	1.00102041150492	0.349810296610689	1.00345034273559	0.89420288639834
315536	0.999835150000666	0.346114922823419	1.13950591393227	1.03780009915254
378036	0.993004742422711	0.346996627443295	0.942906816011251	0.990210155581918
440536	0.996499048032274	0.348575545705075	1.04801174177328	0.918163376989232
503036	1.01052154417586	0.349895415864057	0.963621232125118	0.924655764739902
565536	0.988618778133977	0.346206183672706	1.23060429649785	1.11875139806942
