1	1.27722772277228	1.15588792921845	0.938461538461538	1.22307692307692
2	1.01412922686141	0.985394507064613	0.98501872659176	1.0187265917603
4	1.1223032512914	1.24020054694622	1.02095808383234	0.916167664670659
8	1.06611059623108	1.11203789517043	1.06122448979592	0.964285714285714
16	1.01836382464619	1.00490162236797	0.955706984667803	0.926746166950596
32	0.996562044976541	0.813015693253519	0.836215666327569	0.92472024415056
64	0.982025711882735	0.538411630421723	1.0246835443038	1.09810126582278
128	0.956328196634033	0.303203289065042	1.25608137992039	1.14595311808934
256	0.928955940676882	0.260065149144302	0.96497955010225	1.13982617586912
512	0.98320204775037	0.318140264805814	1.17398046208715	1.19305318654055
1024	0.996683620593441	0.269726877022912	1.08896423669977	0.98288528295794
2048	1.00440857274989	0.255680341343703	0.972666459930005	1.03973773977761
4096	1.00233477493076	0.249721320957813	1.10304862086199	1.08370023084795
8192	0.998871717935666	0.234207657480356	0.981664778802282	0.978838275303558
16384	1.00552944698492	0.23353928457163	1.14707301423079	1.03172455643817
32768	0.993502729548076	0.22820011691423	0.903893647097954	1.00572925328455
65536	0.992853218094306	0.224964222765805	0.941155962792568	1.04887271918399
128036	0.997707384086095	0.226765638938535	0.926876315998878	1.04330274732314
190536	0.999988337888089	0.225508585178393	1.1423552519514	1.18488730210882
253036	0.991701283093539	0.222184027756464	1.05196811735669	1.04098389637851
315536	1.00195455345397	0.224872721292402	1.0054428327554	1.08502769201897
378036	0.995458037723123	0.223280982052678	0.98179922233783	1.18862985654253
440536	1.00300377091004	0.222261239567422	1.08389021744543	1.18801568855046
503036	0.997651243325804	0.222185494937942	0.921280291851948	1.06194703353071
565536	1.00038561096433	0.223167240465708	1.19008376122823	1.13916569512771
