1	1.1333591781353	1.2083737158364	0.94758064516129	0.959677419354839
2	0.987008715671765	0.990626541687223	1.00353356890459	0.855123674911661
4	1.04619799139168	1.1467718794835	0.959876543209877	0.990740740740741
8	1.04031771566459	1.04785843555198	0.989339019189766	0.812366737739872
16	1.1285907762492	1.01097726138713	0.879421221864952	0.942122186495177
32	1.01779049514805	0.779049514804678	0.846153846153846	0.987854251012146
64	1.00822662205338	0.477269868424363	0.944832402234637	0.974162011173184
128	1.03189093972582	0.380562150570575	1.25030978934325	1.07476249483684
256	1.0337377477469	0.330770893439465	1.33403196227404	1.0835734870317
512	1.01963221925998	0.331117642409043	0.895562898277083	0.868893084729762
1024	1.03661059307796	0.358996975806452	1.11191498982591	0.947697641118396
2048	0.980616617019825	0.359149690911867	1.0173168148114	1.19237323262562
4096	1.00262614502767	0.371219346630286	1.00205625147719	1.23672890569605
8192	0.98189621258181	0.383556688653073	1.12991941529235	1.08871345577211
16384	0.991400654442288	0.390830737030816	1.10785708859798	1.10681892993695
32768	0.993267707342409	0.394039882724749	0.926049470669239	0.975185738290232
65536	0.999739196161967	0.397161369570822	1.00287950562797	1.12027634444834
128036	1.01375305028349	0.396778715467381	1.09357035670313	1.17374363668654
190536	1.00402150521927	0.393671712797192	1.01177770763269	1.11676684160916
253036	0.996788289056047	0.389043553688605	1.00636230174939	0.984158069035792
315536	1.00753803663192	0.392332883892764	0.936879842979877	0.96041488545373
378036	1.00553283743485	0.392753357271372	1.11007618545276	1.27896193424349
440536	0.994566664480692	0.393478770684255	1.08952382851571	1.10018846558144
503036	1.0106464132463	0.392441934883255	1.03596540626296	1.09290867749954
565536	0.995396579957098	0.385471995146858	0.974337317766126	1.03757317781738
