1	1.01312335958005	0.977952755905512	0.96031746031746	0.880952380952381
2	0.997571636716853	0.956289460903351	1.25	1.10833333333333
4	0.789733735931924	0.87674993137524	0.967741935483871	0.975806451612903
8	0.945775052692087	1.02720827744779	1.06849315068493	1.25342465753425
16	1.01582704044688	0.903382641977863	0.867469879518072	0.943775100401607
32	1.00993061302438	1.00872111528423	0.977124183006536	0.816993464052288
64	0.952076139139224	0.731028383727786	1.23006134969325	1.71165644171779
128	0.988900065905859	0.869055464983177	0.933227344992051	1.12559618441971
256	1.20743284839452	0.830703431293134	0.979166666666667	1.29296875
512	1.009945452239	1.06398579221109	1.21664766248575	1.85404789053592
1024	1.01586001489203	0.934251675353686	0.98047419804742	1.39888423988842
2048	0.857347250674731	0.896465385490846	1.32967032967033	1.75155279503106
4096	1.04530187100608	0.925499278516776	0.833410351201479	1.06769870609982
8192	1.03586912813014	0.853869493694023	1.13609166136219	1.19185232336092
16384	1.01678055459315	0.719464191047866	1.15419380566263	1.18230759005716
32768	1.00976210154007	0.69625067761515	1.06757073497405	1.30966013728445
65536	0.993188874285917	0.67963387772859	0.998767760976055	1.09457814829464
131072	1.00272697278428	0.785862480729197	0.98505055177829	0.987156622252522
262144	1.00322231053522	0.677525725417868	0.992309349998653	1.01625676804138
524288	1.00101691949503	0.892191311508408	1.00323721207937	1.0111389948783
1024288	1.00156845144156	0.676563069202218	0.993508765980535	1.00714639357048
1524288	1.00205065818897	0.565535615805206	1.01183204324452	1.02326737319855
2024288	1.00210323840332	0.566971186672817	1.00081282052522	1.00883083038961
2524288	1.00425483596846	0.893830040040028	1.01487164376414	1.00579644870009
3024288	1.00299608056859	0.784818734475117	1.01281886060879	1.01978309406623
3524288	1.00263003042503	0.784342276570084	1.0059914027923	1.01091769823881
4024288	1.00306390831128	0.784737547586184	1.00658394450835	1.01089982259385
4524288	1.0027724703396	0.675517852736049	1.01034465056846	1.01698389313383
