1	0.881563363600474	0.918278720884327	0.935483870967742	0.959677419354839
2	1.0572733661279	1.01651440618412	0.940298507462687	0.873134328358209
4	1.011847301448	1.10684510750329	1.07432432432432	0.97972972972973
8	0.932708483537611	0.932588320115357	1.02926829268293	0.795121951219512
16	0.970177623385987	1.07262240283149	1.01145038167939	1.13740458015267
32	0.96899019347999	0.970547309833024	0.839400428265525	1.30192719486081
64	0.951981837424465	0.726861493291455	1.5	1.30398671096346
128	0.992013928987039	0.604907125280934	1.13155291790307	1.75272007912957
256	0.996644189065122	0.403773704372052	1.21041557075224	1.22987901104682
512	1.01296618897754	0.368606815732437	1.01227154046997	1.18668407310705
1024	1.00232826266067	0.239578096168172	0.930252960959205	1.01082029536482
2048	1.01409542162259	0.215920085005162	0.857038444671831	0.745943575500658
4096	0.969798367555415	0.204357710073176	1.11543455327437	0.819565040980281
8192	0.999451602600591	0.240651219696946	1.03390016215979	0.936889161590042
16384	0.998290172836433	0.278231700809197	1.15725783596894	0.981649946154282
32768	0.924247109422661	0.299267768644138	0.989140475984768	0.901127822047359
65536	0.99915233195528	0.36385204528999	1.03592852560616	0.981212273547496
131072	1.00928270293752	0.424969966849038	0.969596815291329	0.968228616586778
262144	0.989108192530031	0.537883404029442	1.00311356070078	1.00617910459003
512144	0.981170335679265	0.608071243065404	1.0118971409815	0.996802091501261
762144	1.00510120541271	0.681365975925977	1.00555762122579	1.00638550312626
1012144	0.997383639073422	0.693669131656433	1.01194667678937	1.0140102692894
1262144	0.986948798858201	0.711820138278044	1.00172442633824	1.00373505480927
1512144	1.00675343835009	0.738996679389256	1.00477972145372	1.01095878486328
1762144	0.998879213181611	0.758138669046257	1.00150292464796	1.00384152300098
2012144	0.985964057202758	0.755184503335467	0.996388793593839	0.995241728804913
2262144	0.986286460397369	0.76024800880374	1.00021282948311	1.00417737705289
