1	0.990654205607477	1.06121495327103	1.0078125	0.9140625
2	0.987965400526514	1.1109439638962	1.4017094017094	1.16239316239316
4	1.08081945069788	0.977262494371905	1.16417910447761	0.902985074626866
8	0.938898667337189	0.998239879306009	0.963730569948186	0.839378238341969
16	1.00326427286656	1.00952634734528	1.02721088435374	0.952380952380953
32	1.00777367599034	1.0181385773108	0.787822878228782	0.738007380073801
64	0.995992391083532	0.857369752710215	0.946927374301676	1.39245810055866
128	0.987930620285398	0.638466343150915	1.0540350877193	0.913684210526316
256	0.993624113212929	0.213858969821507	0.965182899955928	1.14940502423975
512	0.941671932780976	0.246217174554136	0.674791392182697	1.04106280193237
1024	1.03027161726402	0.236657662408766	1.15287028227085	1.3663177925785
2048	1.0367462031303	0.245221565862974	1.08166106970268	1.02489966418216
4096	0.978685536233574	0.299234078802922	0.981802331916749	0.963386727688787
8192	0.863660918819735	0.342284854632278	1.03800553754408	0.936980855242918
16384	0.993026253178837	0.394490960599749	0.962804886031867	0.90060355323968
32768	0.971393033748546	0.415930928212773	0.963457924410107	0.977858742376567
65536	0.984944683294967	0.498476445258621	0.977245972856177	0.9888242486842
131072	0.992274401140856	0.599064480025994	0.99094760053386	1.00686791845353
262144	0.999896654827393	0.67670823768958	1.00138558233874	0.994939007481588
512144	1.0037772152928	0.903314253470597	1.00335568879304	0.995274545583809
762144	0.992207093784722	0.789220875977456	0.996614684129342	1.00308405993849
1012144	1.00514351643252	1.06758898616643	1.01095079002694	1.00539239990622
1262144	1.00203301935666	1.08860603132837	1.00801968753755	1.01670506990473
1512144	1.00716643702933	1.00983964249134	1.00360258359603	1.00376641778554
1762144	1.00226240111241	1.09934009916955	1.00811643310735	1.00654407822407
2012144	0.998886871445366	1.08932226361945	1.0026113698788	0.997665644935022
2262144	1.00499122401286	1.15343858441922	1.00690136634319	0.999699851595683
