1	1.11932101847229	1.21567648527209	0.942622950819672	1.13114754098361
2	1.14621304171729	0.993114621304172	1.15447154471545	1.07317073170732
4	1.01763717805151	1.04843225083987	0.883561643835617	0.958904109589041
8	0.951953984097445	0.969209947555405	0.908163265306122	0.841836734693878
16	1.0072387746538	1.01216953420059	0.856617647058823	0.643382352941176
32	0.849095515880031	0.901184373342761	0.771676300578035	1.02023121387283
64	1.07902046106842	0.974956022590501	1.04922279792746	1.24870466321244
128	0.968699970594962	0.741921782598752	0.982785602503912	1.11424100156495
256	1.00437692372857	1.00751136588259	1.00822368421053	1.59210526315789
512	1.03863920281224	0.802823857528834	1.03651115618661	1.56693711967546
1024	1.01126253535613	1.05592697351504	1.01599443671766	1.56397774687065
2048	0.864057649164948	1.02846200910966	0.988932524098536	1.52624062834702
4096	0.91164490631674	1.1302318412999	0.73140749846343	1.01290719114935
8192	1.03667816470507	1.10495571232948	0.926311678166905	1.35477151412576
16384	0.98799080917724	1.09256471493735	1.05461604263999	1.33394748963611
32768	1.04888226527571	1.14026519928159	1.09756280464942	1.32320959880015
65536	1.02794882950419	1.2408050400763	1.11350978208005	1.1781797643515
131072	0.995534798454857	1.02924641539905	0.959646121103368	1.00478118051043
262144	0.994011201122192	1.0769311652102	0.997772330567827	0.984465574830298
524288	0.986242668541502	1.1291353742466	1.00306509332305	1.0041173888172
1024288	1.01046140166953	1.19827321021086	1.0176305866277	1.00890396176122
1524288	1.00408448749803	1.19669762538844	1.00594411706761	1.01350410163964
2024288	1.00260017769062	1.19215163562434	1.00562539758311	1.0226788561331
2524288	1.00130775529006	1.11569015285829	0.996046542139972	0.998945136898802
3024288	0.998122897727392	1.1579220880176	0.998492348420378	1.00547725507348
3524288	1.00241704720684	1.23492859780841	1.01025684255041	1.01482131268763
4024288	1.00691153158073	1.1199421929522	1.01426844129147	1.00965883165286
4524288	1.00432026274564	1.00670484826644	1.01805942883643	1.01234121289223
