1	0.996899911426041	1.04207263064659	0.960629921259842	1.07874015748032
2	1.10897189064305	1.0723912206392	0.607734806629834	0.734806629834254
4	1.05270655270655	1.05840455840456	0.985294117647059	1.11764705882353
8	0.885950939789742	0.863013698630137	1.28289473684211	0.980263157894737
16	0.843104872006606	0.966694192127718	0.955	1.19
32	1.0009896091044	1.02399802078179	0.97	1.33666666666667
64	0.89030612244898	0.962372448979592	0.979245283018868	1.12830188679245
128	1.07752081406105	1.06160962072155	0.914798206278027	1.17825112107623
256	0.917617405147254	1.03462456885115	0.993800371977681	1.14383137011779
512	0.974158037130329	1.08284354883851	1.05108254397835	1.18707713125846
1024	0.964238190286094	1.01624528720337	0.971943248844253	1.0416068866571
2048	1.01684850158818	1.06114486949316	1.00254172667966	1.10412606964331
4096	1.00680559750327	1.04806201550388	1.02596799391969	1.0780728792805
8192	1.00988322859562	1.07142220439453	0.985479951397327	1.06395301741596
16384	0.999648504057097	1.06456801744373	1.00406426938017	1.12156858829051
32768	1.00020215277151	1.06538242639307	0.993696008638618	1.06287993920973
64018	0.979100274571601	1.05359100658141	0.980875525373353	1.06415936472473
95268	0.994126606931174	1.06938082637632	0.992538701645343	1.0707219130414
126518	0.974104338866855	1.12666228564069	1.00045665263358	1.1618641176214
157768	1.05973517483694	1.06199789613642	1.09551528143503	1.04983226750627
189018	0.988052062926916	1.05840730935242	0.983304927411412	1.06738386215043
220268	0.974596203155511	1.05451623321622	0.985825307088681	1.04945531296977
251518	0.985520045435251	1.03900857649435	0.98438674718528	1.07746638681165
282768	0.988741676495752	1.0511570318924	1.00983882500579	1.04227671601397
