1	1.06981044845123	1.08945908460472	1.00471698113208	1.05188679245283
2	1.0404498816101	0.952249408050513	0.969565217391304	0.969565217391304
4	1.0411806291976	1.06238953693885	1.19148936170213	1.02553191489362
8	0.948159470131193	0.951980639408993	0.915254237288136	0.96271186440678
16	1.00627615062761	1.30314803745766	0.847255369928401	0.945107398568019
32	0.96336751374647	0.90213999108337	1.03076923076923	0.951282051282051
64	0.937367453697158	1.01505726000283	0.963768115942029	0.907608695652174
128	1.04593940187161	1.00706760028794	0.93953488372093	0.953488372093023
256	0.976003214880303	0.985934898673862	0.983372921615202	1.03800475059382
512	0.962445020863877	0.978910567271907	1.04225352112676	1.06073943661972
1024	1.11065919349239	0.970933981449333	0.938809261300992	1.10143329658214
2048	1.01306155653982	1.00637259332911	1.06078098471986	1.14227504244482
4096	1.03243925948084	1.05999268787184	0.816819571865443	1.01024464831804
8192	1.07760640374854	1.18601132370168	0.973377097009482	1.0255288110868
16384	0.948267014327124	1.03259316791723	1.07722605148403	1.05490692549351
32768	1.03865950299885	1.09630156842663	1.08717414502769	1.10025915951014
65536	0.972914330516278	1.02105042438166	1.1640822070577	1.10436525849022
131072	1.00118793408788	1.02632160703918	1.14091829040835	1.1007248964906
262144	0.99734583190186	1.01229599183409	1.00860681247451	1.02968997691154
524288	1.00363685676171	1.01701488865832	0.993883340150146	0.965925613183276
1048576	1.0026471523941	0.997274580112325	0.990025716373061	1.01366031878414
2048576	0.999435860707023	1.01624586060322	0.994456677764843	1.0230497464243
3048576	1.02498725883754	1.05968952188391	1.08958868733882	1.09840446802743
4048576	1.01307762167861	1.03021677284849	1.03911394644238	1.03813083370581
5048576	1.00090145529815	1.00578703052376	0.957554572905917	0.936075842520714
6048576	0.99722033885134	1.00299857930774	0.900808082943917	0.910128818688225
7048576	1.00499396961448	1.00635273703229	0.962035389117955	0.933567896660108
8048576	1.00696691756481	1.01000505763059	1.06602162782581	1.0150847878415
9048576	1.00426711693432	1.01180931465908	1.01397518262198	0.977084095362249
