1	1.04163248564397	0.965955701394586	0.937777777777778	0.915555555555556
2	1.029687188683	1.0685395497111	0.96	0.9
4	0.959063369903389	1.05338136564598	1.13186813186813	0.956043956043956
8	0.953121144830989	0.959289415247964	0.831775700934579	1.10591900311526
16	0.933202532774458	0.914652635333987	1.05757575757576	0.981818181818182
32	1.11696428571429	1.12256493506494	0.942028985507246	1.02415458937198
64	0.896218545808425	1.2610176560545	0.843959731543624	0.89765100671141
128	1.18751171948247	0.897993624601538	0.982084690553746	1.08794788273616
256	0.905979056412566	1.00242089854746	0.849390919158361	1.03654485049834
512	0.913593581237463	1.01059507277683	0.911558669001751	0.996497373029772
1024	1.05787885820376	1.17591088419587	1.0269442743417	1.18003674219228
2048	0.999743260590501	1.08222996515679	0.908424908424908	0.9496336996337
4096	0.990459501557632	1.0717484423676	1.00205796604356	0.972903447093123
8192	1.02534891269068	1.11158714703018	1.08567006554989	1.01547705753824
16384	0.971039554398675	1.05792999253691	1.12604438976882	1.21021067199754
32768	0.998490774489157	1.02376290363151	1.0872742457459	1.11882764380415
65536	1.00799752457573	1.02165996239259	1.00610102344008	1.11346318917134
131072	1.00190714761052	1.00822508129048	1.01124144027655	1.10850232877255
262144	1.00866708212112	1.00918765429903	0.98162499561665	1.07998153148414
524288	1.00904392541254	1.0146053441818	1.03391585571239	0.996595786538137
1048576	0.997551221548836	1.00571617618289	1.05359050714919	1.11040184355891
2048576	1.00054168886117	0.999984169419404	0.843705818391233	0.8581801322402
3048576	1.00308590083398	1.00547648322614	0.970374010891384	0.994112617665771
4048576	1.00131401955618	1.00334312042393	1.08583627968083	1.05981715625256
5048576	0.995981055536711	0.913634036183276	1.01113788120077	0.960431342099226
6048576	1.00339819856534	0.915464769998446	0.987870869568211	1.04310211866449
7048576	1.00151805763763	1.00344879389365	1.00390293908834	0.97112447948535
8048576	0.996133914355569	1.00245411746036	1.04950395890934	0.962234116010641
9048576	1.0082392707373	1.01078217555881	0.94688009989795	1.02682731458722
