1	0.982997481108312	1.06486146095718	1.07017543859649	0.982456140350877
2	1.08795309168444	1.00159914712154	1.13157894736842	1.07894736842105
4	1.09430826755297	1.07353552139593	0.959016393442623	1.07377049180328
8	1.04815321477428	0.963885088919288	0.84472049689441	0.881987577639752
16	0.994102645839975	0.991393050685368	1.21511627906977	1.16860465116279
32	0.951623718747006	0.949324647954785	0.787234042553191	0.978723404255319
64	0.980732376858134	0.957631946962242	1.08635097493036	1.18105849582173
128	0.961961879723957	0.725216343520649	0.861940298507463	1.4160447761194
256	0.964106256750622	0.627303038367015	0.934449093444909	1.79637377963738
512	1.08253434999245	0.517165559414163	1.01092043681747	1.45475819032761
1024	0.913308574912699	0.468813100319114	1.16471399035148	1.93866299104066
2048	0.963596207565604	0.586588873140592	1.25221052631579	1.336
4096	0.751648842599056	0.449177672912071	1.03021536483446	2.03889424622308
8192	0.931421516646432	0.388633604327714	1.05199917132795	1.49616739175471
16384	0.987301656685754	0.571386108318398	0.860960110251895	0.785621315366358
32768	1.01942145527934	0.644277914235204	0.856964972118456	1.32878566401386
65536	1.06893859706791	0.607892725659062	1.05893157010915	1.09574412258606
131072	0.998955271157148	0.836265427810904	0.949585502217081	1.19625988047041
262144	0.980990690780578	0.820218899455973	0.999308606488211	1.03289291022228
524288	0.991812914401387	0.84804098841264	1.02378344627101	1.00593946404078
1048576	1.00469484797643	0.974707533657978	1.00737388672841	0.999492645921806
2048576	1.0028177554169	0.992791276275311	1.01185276697794	1.00658009916394
3048576	1.00489681778999	1.00216906522549	1.01499520062546	1.01567394062341
4048576	1.00348590617202	0.999444060297021	1.01495539209331	1.01053618720673
5048576	1.00265266162168	1.0048175844968	1.00955246274049	1.0202836257754
6048576	1.00101918681081	1.00278582351629	1.00565225011004	1.01133873989873
7048576	1.00304774116964	1.00648642354595	1.01305848597141	1.00951853845728
8048576	1.00000461169225	1.00324780602004	1.00532326390619	1.01144175811928
9048576	1.00157145697222	1.00032795842788	1.01420863059523	1.01693071716692
