1	1.06892067620286	1.07087126137841	1.06896551724138	1.06034482758621
2	0.940313606474456	1.03894790085989	1.04424778761062	1.02654867256637
4	1.0122176971492	0.969270640503517	0.959349593495935	1.03252032520325
8	1.04711514235324	1.00705467372134	1.07874015748032	1.02362204724409
16	1.03676585137872	1.08069792802617	1.04761904761905	1.2202380952381
32	0.979237867395762	0.968301435406698	1.09042553191489	1.32446808510638
64	0.982892763404575	0.977409073865767	0.868656716417911	1.12537313432836
128	0.982666598891882	0.921491384130534	1.00197628458498	1.47233201581028
256	1.03343750948205	0.791030737020967	0.846298031865042	0.876288659793815
512	0.970247836116643	0.39079043356533	0.960248447204969	1.08757763975155
1024	1.28134803688564	0.56633710428748	1.11964735516373	1.52329974811083
2048	1.31743439852386	0.703482960761581	0.997436992738146	1.56172575822298
4096	1.50532274887932	0.600065290262992	1.04363239705481	1.47913826015817
8192	1.17551852295888	0.451025056947608	1.08873911822522	1.21524852569503
16384	1.14859724827197	0.773270988812088	1.21689362541938	1.22991908427077
32768	1.33988392657841	1.08351791754666	1.20566791352311	1.50966842071895
65536	0.890976040181904	0.738942057512613	0.874754163658543	1.15960068709702
131072	1.04237164194112	0.899173682141845	0.953892918825561	1.1926079447323
262144	1.00344523749272	0.937662543560912	1.02386709479268	1.07689515566104
524288	1.11847607862431	1.03295190331463	1.02432100758094	1.03453823903915
1048576	1.02178236802377	0.979781478267121	1.00216262048029	0.989719351415734
2048576	1.00195020734796	1.0555500185054	1.01128610504622	1.02692238709759
3048576	0.990283027491941	1.02838224013418	1.02110030233083	1.01684484660121
4048576	0.991401976046782	1.03744329484042	1.00598640116988	1.0202416497331
5048576	1.00492006793844	1.06486892680284	1.00448678807842	1.0042989740558
6048576	1.02122722713417	1.06230488250412	1.00795568624412	1.01148103323667
7048576	0.99913880586875	1.05434995275406	1.00917162127682	0.99417443758154
8048576	1.02398838539347	1.05720082584996	1.0143687806017	1.0116633921902
9048576	1.0251279465621	1.06576869534846	1.0162517411387	1.02727479058893
