1	0.957451923076923	1.07596153846154	1.06280193236715	1.04347826086957
2	1.08169506334644	1.12800349497597	0.995283018867925	1.12264150943396
4	1.03066037735849	1.03682873730044	1.01229508196721	0.975409836065574
8	1.01398977670164	1.07559860102233	1.00355871886121	0.97153024911032
16	0.958285385500575	0.996547756041427	1.20376175548589	0.952978056426332
32	1.061303261939	0.835162340119579	1.18136020151133	1.04282115869018
64	1.0302930523543	0.946855449456701	0.888513513513514	0.819256756756757
128	0.877964691196576	0.934018902692742	1.01470588235294	1.08496732026144
256	0.938553561718325	0.846601413811854	1.04206241519674	1.02170963364993
512	1.03653585926928	1.02830852503383	0.895939086294416	1.02707275803722
1024	1.13048992437409	1.00422753534689	0.928176795580111	0.985635359116022
2048	1.00642458100559	0.974930167597766	1.0911895783339	1.14638327048337
4096	1.05270709776162	1.08499139085518	0.902759084791386	1.02742261103634
8192	0.988124435265264	1.05742724782353	1.03921568627451	1.07833572453372
16384	0.988136748343741	1.03013757251086	1.05651700949367	1.05102848101266
32768	1.0145893075277	1.03292990374869	1.014249941916	1.04424710225366
65536	0.996977813648841	1.00719737116351	1.07966950751415	1.02110467763971
131072	1.00544307146856	1.00287541351104	0.993529355180043	0.992464809055055
262144	1.00584423964339	0.998010229693399	0.955544209460852	1.02438514617054
524288	1.00051254206219	1.00550157193923	1.06857798040357	1.03006109602903
1048576	1.00489027734569	0.929632174173551	1.03571854000233	1.01282482876491
2048576	0.992811346087939	0.996003453707735	0.992450120453684	0.981941330808256
3048576	1.0110605912939	1.00636990706834	0.976342770968009	1.02942578782334
4048576	0.997288452440443	0.99759246702365	0.966080311725111	1.02526062169776
5048576	1.00664988606071	1.00236520572325	1.0821619849564	1.10341918709654
6048576	1.00223540645655	0.998227845076341	1.06599049289509	1.07017946450947
7048576	1.00047095356776	1.00256097620072	1.00488060457696	1.00807152631923
8048576	1.0037263429152	0.999539470716291	0.987740294229817	1.00277906546587
9048576	1.00471894636429	0.922400171240883	0.892804904300278	0.926902081420657
