1	1.0163184079602	1.00875621890547	1.0	0.899122807017544
2	1.07210750573582	0.970009832841691	1.01020408163265	1.04081632653061
4	1.04348407813754	0.955311747390955	1.05511811023622	1.05905511811024
8	1.06887569031989	0.917995206835469	0.955128205128205	0.935897435897436
16	1.00548057259714	0.933087934560327	0.851219512195122	0.868292682926829
32	1.08772865853659	1.02942073170732	0.926829268292683	1.07317073170732
64	1.03761602344895	1.02617070277061	0.84012539184953	0.836990595611285
128	0.937476506703421	0.969677985214885	0.863408521303258	0.849624060150376
256	1.04230648699467	1.06931996239423	1.05408271474019	1.1728525980912
512	1.09849452808177	1.13132603744236	0.955017301038062	0.949250288350635
1024	1.02341340691446	1.12420873234864	0.876470588235294	0.980185758513932
2048	1.02832622840476	1.18515817814674	1.06588282992094	1.28968173525238
4096	1.04553376161837	1.12209540732641	1.12372112646345	1.13279189958865
8192	0.985132611131864	1.05122338438551	0.920880515423663	0.976278797344787
16384	0.997462651656141	1.07171187112915	0.989928211721847	1.10623593699775
32768	1.01434452765847	1.02436438391643	1.01457323221858	1.09956763775503
65536	0.997296312918359	1.01027455655849	0.868234627373193	0.888516426207171
131072	0.994341590684541	1.00202489039584	0.992194804666857	0.960370496611808
262144	1.00054603995506	0.995203844456021	1.00364235229534	1.03083236121595
524288	1.00228393514241	1.00512710831862	0.963288064334904	0.929897452398976
1024288	1.00043815195801	1.00467461075431	1.127392621796	1.08755260851488
1524288	1.00011608755029	0.999162709493078	0.994615029315953	0.971590519936189
2024288	1.01014014402832	1.00190639796202	0.974613128839399	1.00132501268758
2524288	0.998332286958023	0.99956042031996	0.971607972617985	0.988324906970183
3024288	0.998104235048066	1.00066633051309	0.93306242446292	1.00541437507589
3524288	1.00041434573252	0.999478659784547	0.951229298742664	0.950207939053698
4024288	0.99698212987741	1.00109848244174	1.03150949041971	1.04898064553593
4524288	1.00026401339513	0.997733115138696	1.02892544088497	1.011754970354
