1	1.05421103581801	1.02187802516941	1.0352422907489	1.11453744493392
2	1.02760238138192	1.10084791629082	1.04583333333333	1.15
4	1.09310589907605	1.43511016346837	1.06488549618321	1.16412213740458
8	0.968624973678669	1.07338387028848	0.868556701030928	0.837628865979381
16	1.0943849121303	1.03634804972139	0.91421568627451	0.955882352941176
32	1.03219301404393	0.922002160604969	1.0249433106576	1.53514739229025
64	1.15922469490309	1.06977745872218	0.927986906710311	0.913256955810147
128	1.02262443438914	1.01023017902813	1.05718475073314	1.18035190615836
256	1.05188559858264	1.10250569476082	1.05809523809524	1.03904761904762
512	0.914536946572736	0.986116110454055	1.15958142576848	1.41268803139307
1024	1.07240261411002	1.28379560541347	0.889892222545878	0.892513836294786
2048	1.05870236869207	1.105898646969	0.961360695137734	1.02625254205953
4096	0.997540479606477	1.1889475302316	0.917125524965002	0.955389640690621
8192	1.06901987551395	1.15053711016853	1.01697401508801	1.05123637887678
16384	1.01755294502439	1.0883916160157	0.978433628555374	1.02220854627672
32768	0.998429987243647	1.0445540182514	1.07153238196742	1.09509045358285
65536	1.00839202146891	1.0129241204418	1.0303207524838	1.03369746085455
131072	0.987992455331776	0.994288886082876	1.10187162212667	1.02878768674785
262144	0.995262560041974	1.00792813739708	1.02700748863878	1.08225988404124
524288	1.01330640934546	1.01698546712425	0.95723822578969	1.01149231077029
1024288	0.999240394738709	0.995132713816512	1.00333675480569	1.03173157693707
1524288	1.00644310365513	1.01075441673583	0.92397534690292	0.914041179491801
2024288	1.00091302737899	1.01068446708167	0.927490812124552	0.977434268649331
2524288	1.00416186841475	1.00040304604629	1.05540675294376	0.966777232347855
3024288	1.00469099230184	1.01642852778279	1.1649358054738	1.12404634809801
3524288	1.00133796180436	1.0003370782868	1.03618504287163	0.934673278063634
4024288	0.993986886301652	0.994332553977678	0.881905070344755	0.960438894792594
4524288	0.998049511705113	1.00017965282623	0.985587051465695	1.06408040140007
