1	1.16415868673051	1.11696306429549	0.975	1.39166666666667
2	0.963027151935298	1.01848642403235	1.04504504504505	1.13513513513514
4	1.04145319049837	1.10619469026549	1.00862068965517	1.06034482758621
8	1.00407213496219	0.978184991273996	0.931297709923664	0.931297709923664
16	0.925774209405211	0.963460593150909	1.04046242774566	0.919075144508671
32	0.928017319141259	0.914486740032473	1.09132420091324	1.1324200913242
64	0.979279324809218	0.985798756759489	0.867692307692308	0.901538461538462
128	0.980693459416864	0.876175466246388	0.959051724137931	1.19827586206897
256	1.18398053431324	0.825388155063396	1.00127226463104	1.1882951653944
512	1.00095059160348	0.502795857657295	0.898956975228162	1.0651890482399
1024	0.900502547637328	0.452732602777972	0.948493150684932	1.54630136986301
2048	1.04438510625917	0.500158402782717	1.66114897760467	1.83349561830574
4096	0.986018143807898	0.489748556742554	1.19378798109386	1.97535449020932
8192	1.12352685698188	0.416318433655742	1.42564859734233	1.11200168740772
16384	1.00282570843942	0.441861154770025	1.01785920036871	1.00138264777048
32768	0.926699991881328	0.565082752461697	1.01517487233838	0.999566432218904
65536	0.9973810732176	0.744923892283077	0.87493881546745	1.25594169793876
131072	1.01016421253234	0.780443658804828	1.05445176571378	1.15099593060613
262144	1.01538302834966	0.815479828255137	1.02611963011948	1.06806598526897
524288	1.00280380957662	0.954355467223879	1.03389229379615	1.01272715210835
1048576	1.00256435876527	0.972223636838322	1.03586247739291	1.01042255642361
2048576	1.0015404183791	0.97135951432771	1.00858722805464	1.00990413399106
3048576	0.996704264484912	0.998021602590201	1.00512162359326	1.01219584123632
4048576	0.999057574071298	0.998700557745846	1.00304819518902	1.02157658498276
5048576	1.00008758138083	0.999847920968149	1.00332721845018	1.00633353224265
6048576	1.00147388759427	1.00614553787341	1.01088674311121	1.01110898561658
7048576	1.00007390221865	1.00278038370356	1.01069387060992	1.01632739036164
8048576	1.00037812547167	1.00319792648109	1.01118978714124	1.02012834143828
9048576	1.00110820449907	1.0046709650498	1.00945837064372	1.013974307171
