1	1.00589622641509	0.952240566037736	1.05454545454545	1.0
2	0.987450085567599	1.01597261836851	0.991596638655462	1.03361344537815
4	1.08819769919046	1.04516403919898	1.0353982300885	0.991150442477876
8	1.05505319148936	1.04281914893617	1.04724409448819	1.10236220472441
16	1.04413881336958	1.04701743163282	0.887573964497041	1.14792899408284
32	1.06250552559455	1.0449120325347	1.06462585034014	0.792517006802721
64	1.02403577417552	1.00894354387926	1.1510067114094	1.10402684563758
128	0.97293953919901	0.798283593629194	0.897703549060543	1.41544885177453
256	0.929999423863571	0.749639914731808	0.711409395973154	0.996644295302013
512	1.05094771039877	0.541055679641221	0.972536348949919	1.55654281098546
1024	0.974679530733342	0.6106264438103	1.26614363307182	1.64876282438141
2048	0.75705792423985	0.527705112960761	0.940850916637842	1.41127637495676
4096	1.00791410342183	0.835884339865868	1.06655527708159	1.28320802005013
8192	1.18686622924057	0.624878347408407	0.785485164394547	1.10077519379845
16384	1.11119809767697	0.724807023961954	1.01274077046549	1.45746388443018
32768	1.06493117145927	0.601019311964424	0.935002478929102	0.947149231531978
65536	1.05801888716058	0.853062318308661	0.979992429567945	1.3311793651652
131072	0.79403207809366	0.638679910460635	0.916963548120611	1.14609149111937
262144	1.12964476870633	0.923385417470038	0.955587681732631	1.01030522898993
524288	1.00576216555052	0.974566353923447	0.978104206650885	0.999932789174577
1048576	0.972765919062388	1.0059995741561	1.02832541155096	1.01698186525164
2048576	0.971781968487189	1.04437317186114	1.00061389452319	1.00759152220865
3048576	1.02275623053816	1.05061473665865	1.01157790832477	1.00810666624058
4048576	1.02211744112188	1.06845790450481	1.01767467838101	1.00581337125797
5048576	1.00879743250897	1.04867675844321	1.01061507161239	1.01541977121761
6048576	1.03437451048228	1.06354871973576	1.03694365670518	1.01545806034874
7048576	1.00693512259448	1.06966692222165	1.00974487152073	1.01958938821547
8048576	0.992377663328373	1.05512792530541	1.00568241046072	1.01094599209971
9048576	0.994119032661117	1.03332478137181	1.00985785365455	1.01064669298744
