1	0.947552447552448	0.98951048951049	0.934426229508197	0.975409836065574
2	1.07013118062563	1.01362260343088	1.20183486238532	1.77981651376147
4	1.0537037037037	0.994074074074074	0.902097902097902	0.972027972027972
8	1.03056263023848	1.04746469090067	1.03105590062112	1.14285714285714
16	1.00826236176433	1.04258294140079	1.02197802197802	1.28021978021978
32	0.949099399599733	1.00440293529019	1.08421052631579	0.978947368421052
64	1.00591886819691	0.852136567056446	1.25905292479109	1.47353760445682
128	1.00856634280205	0.660813617147519	0.827309236947791	1.1004016064257
256	1.01476410979129	0.532763860527098	0.806729264475743	1.16197183098592
512	0.974064674417796	0.309997169066338	1.12945368171021	1.22406967537609
1024	1.05493761321889	0.257391323976727	1.17205354227881	1.82533463924257
2048	0.962498547086036	0.157982503041433	0.989491437467566	1.02374156720291
4096	0.98431386333728	0.172828711342131	0.97361826534874	0.961367116803564
8192	0.945196928534662	0.193982265881113	0.727251698713315	0.709180280468411
16384	0.901310382724474	0.246829000241523	1.10426955722318	1.04083552476856
32768	1.02857213895633	0.322875436414078	1.19535527857676	1.1006711409396
65536	0.949362032911391	0.409147575185146	1.02307605810082	1.03655012931393
131072	0.975431259291279	0.515219524237706	0.997330228066687	0.996676985997898
262144	1.01735886449091	0.697473202691269	1.00698843400474	1.00360916226937
512144	1.04610213264775	0.816282659306428	1.01116843990412	1.01205464806635
762144	0.989087343464044	0.848554397522287	1.00330520775089	1.00908704500107
1012144	1.01516501803694	0.886633793049295	1.01676778788765	1.0076633022471
1262144	1.03487296569619	0.931035584440016	1.01172973344732	1.01467452882521
1512144	0.975400033572133	0.906727622767913	1.00162700230983	1.01186642883013
1762144	0.992763214005566	0.922910763043429	1.00297328479015	1.01052662767051
2012144	0.996357902643755	0.939805401053645	1.00965960828437	1.00387333440043
2262144	1.00142793656346	0.941282753876565	1.00277186098381	1.01105984797413
