1	0.916125541125541	0.860930735930736	0.990654205607477	1.02803738317757
2	0.999439775910364	0.986554621848739	1.02542372881356	0.889830508474576
4	1.32315380344253	1.12048861743476	1.00925925925926	1.06481481481481
8	1.42258491398324	1.38729598588443	1.048	1.04
16	0.926951476793249	0.884757383966245	1.28346456692913	1.14173228346457
32	0.9639026942192	1.05623855610777	0.855345911949686	1.07547169811321
64	1.03380984796914	1.08690719310188	0.8	1.065
128	1.1586408171774	1.17239941630186	0.776729559748428	0.993710691823899
256	0.946431177930229	0.982046416581521	0.984894259818731	1.17220543806647
512	0.823623831555094	0.869134170522141	0.953183520599251	1.32397003745318
1024	0.96465848745651	1.14136605017396	1.10972568578554	1.714463840399
2048	1.0201198630137	1.11854309360731	1.01040943789035	1.54059680777238
4096	0.990159104301709	1.12999410724809	1.00468070879305	1.3243062520896
8192	1.01712218398811	1.07275108897922	0.919870152058773	1.19050059798394
16384	1.03263813362336	1.01061992194997	1.12954115207789	1.15703596862887
32768	1.00457297663393	1.01895292922452	1.09381894182761	1.12586600611526
65536	1.00543730253723	1.00075615436871	1.09027960844273	1.02381328974886
131072	0.998133784018145	1.00907739967559	1.02244020100503	1.03083417085427
262144	1.0011419901962	1.00444943292147	1.02155101352258	1.00813578557106
524288	0.999081194065828	1.00010703344629	1.04323042766686	1.02776269542383
1024288	1.00126637465789	1.0016368723296	1.02187660904654	1.01606847607913
1524288	1.00300098888353	1.00107517718417	1.00498568185935	1.00758642382612
2024288	1.00269430916682	1.00040812011725	1.00928800490427	1.00677043306959
2524288	1.00119250672503	1.00222201615153	1.01216804786547	1.02194457251125
3024288	1.00076513979129	1.0007963334004	1.00046318383303	1.01722415252247
3524288	1.00093460383441	0.926325065741829	0.992321295646171	0.994633581544973
4024288	1.00203905445651	1.00097848049643	1.01124210793537	1.01181254156276
4524288	1.00155683404391	1.00097925361952	1.01653077986158	1.01834628609405
