1	0.933575505967826	0.888427607680332	0.982142857142857	0.964285714285714
2	1.08125	1.08846153846154	1.21	1.58
4	1.15083600142298	1.005691924582	0.984615384615385	1.05384615384615
8	1.08169934640523	0.932598039215686	1.30882352941176	0.933823529411765
16	0.974498873206025	1.07994306725181	0.94392523364486	0.920560747663552
32	0.933469626168224	0.911565420560748	0.889679715302491	1.18861209964413
64	1.00485799701046	0.885378448158717	0.75146771037182	1.01369863013699
128	0.966752837650443	0.706185478762562	0.942602040816326	1.32142857142857
256	0.975696534145219	0.516886749035296	1.00995405819296	1.25267993874426
512	0.98152075867281	0.194402593919891	0.906947890818859	1.13399503722084
1024	0.983166439246613	0.209991082268757	1.20967345936656	1.35182911858581
2048	1.07577144403499	0.227296423938046	0.941691724408419	1.30082363707674
4096	1.11754022455199	0.219287764045622	1.14839119390347	1.37440022579735
8192	0.921486149151009	0.277678861563389	1.06255995614636	0.886974098944772
16384	0.997016354513769	0.282910107625723	1.07785505945703	0.972974075509413
32768	1.03505802114767	0.371325015268723	1.04780477843578	0.943496017970186
65536	1.00142975631757	0.453669452202878	1.02314438724032	1.03885338783536
131072	0.9501734502069	0.577685459553305	0.988799001379798	0.99012858191627
262144	0.929544678588727	0.689099654785474	0.994526861074775	0.999760438989622
512144	0.987107258330746	0.805178684449017	1.00044850136473	1.00165243768119
762144	1.00515183695669	0.904352479191687	1.00903440249869	1.00736047691789
1012144	1.01020901143621	0.917939379029075	1.00751963250356	1.00693040059988
1262144	0.995382690518988	0.92457774317455	1.00345677751491	1.0021749563224
1512144	1.02369995595724	0.951358737392304	1.00156222575107	1.00808095075385
1762144	0.992076875615543	0.950661937058202	1.00568283747738	1.01189529484405
2012144	1.00425297965712	0.965019751582442	1.00112709125331	1.00454507045179
2262144	1.01346145010338	0.976233007381364	1.00671562342845	1.00376164451785
