1	1.01542699724518	0.909090909090909	0.926229508196721	0.967213114754098
2	0.892871690427699	0.864765784114053	1.00854700854701	1.09401709401709
4	0.893181818181818	0.876420454545455	0.960526315789474	0.907894736842105
8	1.11956782713085	1.11284513805522	1.33082706766917	1.38345864661654
16	0.971092350984907	1.08659503709389	1.17613636363636	1.17613636363636
32	1.00885018408383	1.03922401585953	0.70059880239521	0.820359281437126
64	1.03032437442076	0.97241890639481	1.27931769722814	0.97228144989339
128	1.01209861651772	0.647659776669043	1.54022988505747	1.66174055829228
256	1.00107685968986	0.387210652483332	0.825775656324582	1.59108989657916
512	1.0004806786985	0.305771117652306	1.33938294010889	2.20387174833636
1024	0.996648721786443	0.198211258518594	0.986267927982911	1.2160512664022
2048	0.978742629604105	0.185064706332797	0.790267306374229	0.995316426776331
4096	1.05193216760035	0.168567815253457	1.26482822369435	1.31428131258666
8192	0.9646388353714	0.198633529298142	0.953352869020035	1.0288946435873
16384	0.962168541579106	0.229689515729364	1.09727831787461	1.16334151935215
32768	0.959226453575157	0.256152785219775	1.01833915926323	0.935527488707044
65536	1.05802409271506	0.328373805201894	1.09554812967059	1.01660365123442
131072	1.02688131290464	0.391582106740658	1.04432589079892	0.992881902517679
262144	1.0039822559809	0.4314196728449	1.00629752186259	1.0046257293984
512144	0.99371515708102	0.421463610016794	1.00601410645602	1.00271390515289
762144	0.995321940398115	0.422516742805173	0.998638213564863	0.996308680847484
1012144	0.998167575778041	0.419557736339655	1.00158354247368	0.997300905663301
1262144	1.00508274522005	0.417263227738649	0.997876451839407	1.00407965605742
1512144	0.999391728419612	0.413031790591908	1.00562998976384	1.00765463982132
1762144	1.00353208683919	0.413658765470324	1.00806113158442	1.00541186815129
2012144	1.00014285554251	0.411177895763363	1.00281576473716	1.01063111351615
2262144	0.997491588522452	0.412038035536869	1.00242457480838	1.00332804009507
