1	0.987114845938375	1.16526610644258	1.21848739495798	1.09243697478992
2	0.974385245901639	1.04815573770492	1.00884955752212	1.11504424778761
4	1.11932042670881	1.10983800869222	1.02112676056338	0.922535211267606
8	1.01775280898876	0.958426966292135	1.15277777777778	1.14583333333333
16	1.01713638294859	1.11414813765756	0.846560846560847	1.19047619047619
32	1.04257082579867	0.947634116937914	1.28879310344828	1.21120689655172
64	0.999278745776867	0.654633109364917	1.05508474576271	0.974576271186441
128	1.00849609179777	0.63086979989205	0.740406320541761	1.06433408577878
256	0.989366330422818	0.411101105861165	0.713790713790714	1.01871101871102
512	1.04210001218105	0.25206062680178	1.08276533592989	1.40701071080818
1024	0.925646055993993	0.205969210130324	1.12763945792625	1.3277655215884
2048	0.963051277520445	0.232590321856926	0.978777589134126	1.12784380305603
4096	0.982897306544782	0.229124906173081	0.821614953980454	1.11689913654047
8192	0.994940727786633	0.240205726528268	0.888725410059397	0.995858536319547
16384	1.08433841552443	0.308152448035112	1.10696066586119	1.06578064169687
32768	1.04165576143447	0.393442973202506	1.06422885964221	0.978879344313973
65536	0.895966890004775	0.488251233665688	1.02706929552917	1.00401487683043
131072	0.963378371850122	0.539300006718851	1.03652054898681	1.01333307987682
262144	1.07079593682344	0.651918416163373	1.01395093644446	1.01243258380945
512144	1.03071776465983	0.666336817651103	1.00672740056127	1.02076209820382
762144	1.01366082961513	0.656337863876512	1.021331415575	1.01932364838028
1012144	1.01086227874885	0.674553209807987	1.01002347105151	1.01416627169627
1262144	1.01237852492342	0.678374259989286	1.00708861297973	1.00580669070169
1512144	0.979550471952797	0.676505223499813	1.02023473427413	1.02689424077679
1762144	1.00692132447702	0.682594302534223	1.0258997380617	1.02606557465062
2012144	1.00732153841147	0.69875560286236	1.01902548189113	1.01962435769851
2262144	1.00552486957401	0.694537656502361	1.02288399331053	1.02068364494905
