1	0.945233265720081	0.93711967545639	1.0859375	0.8671875
2	1.10791366906475	0.989208633093525	1.09090909090909	1.11570247933884
4	1.13269794721408	1.00623167155425	1.28455284552846	1.09756097560976
8	0.933567971843379	0.878794544654641	0.858823529411765	0.941176470588235
16	0.965983714210665	1.01825584449698	1.13253012048193	1.19879518072289
32	0.969186895736245	0.898657578076094	0.814545454545454	0.912727272727273
64	1.00522841886681	1.0314075941857	1.30027548209366	1.53443526170799
128	0.968277542937659	0.895807151833657	1.30236486486486	1.23310810810811
256	0.991350406253214	0.364023449552607	1.16089613034623	1.66802443991853
512	1.0466006060296	0.330939914382686	0.663192997082118	0.902459358065861
1024	0.896350834892873	0.239747275670865	1.38076079005121	1.33942940746159
2048	1.26577227848139	0.2354983377454	0.871422080872331	1.18612751779494
4096	0.907189866551398	0.22009696106725	1.01725614979807	1.5089952270224
8192	0.880268735503479	0.240568646503563	0.927151928504233	0.98406632173095
16384	0.961652698307177	0.225202402716114	0.927774892303932	0.899055940851181
32768	0.996291852243531	0.206688374734581	1.07652306742285	1.03276077806848
65536	1.03708209480147	0.199903980679332	1.00469229915257	1.01103504422159
131072	0.992445831574749	0.186874956537425	1.03344186527273	1.00693644605889
262144	1.00122249575583	0.184614963211683	1.02846978456065	0.999928092268973
512144	1.0034582612811	0.179988612562534	1.02193008254416	1.02122424171127
762144	1.00268088487665	0.178735652641687	1.02930581655912	1.00292087642246
1012144	1.00128496278886	0.178523580544847	1.0190538768104	1.03577719428151
1262144	1.00120123499296	0.179040782517929	1.00713653492156	1.02192696120633
1512144	1.00068018248989	0.177276943288591	1.02873054297536	1.01868295719591
1762144	1.00044137017855	0.178096197593378	1.02868171252047	1.0233909452088
2012144	1.00132944387502	0.177849764851129	1.01103630014748	1.02566265734781
2262144	1.00003503816746	0.177443430088085	1.01377926121747	1.0307240803682
