1	1.06983785895683	1.04795858566126	0.920212765957447	0.909574468085106
2	1.04380877742947	1.11692789968652	1.00763358778626	1.31043256997455
4	1.05479624614222	1.01543112678718	0.906821963394343	0.785357737104825
8	0.990118349994255	1.01085832471562	0.858710562414266	0.768175582990398
16	0.961584568439407	1.00054489973845	0.946341463414634	1.03658536585366
32	1.07883452446399	1.07680043980209	1.17808219178082	1.3825831702544
64	1.01735053888164	1.0318495964429	0.9739336492891	1.28376777251185
128	1.01750806023752	1.02571113741175	1.02147352832284	1.34616808589411
256	0.99703107475094	1.02843570627433	0.883082520257979	1.08037043161898
512	0.985006949666188	1.01902613530203	1.04060535010125	1.21187253543643
1024	1.00144959049069	1.01881568456911	1.00651890482399	1.05834419817471
2048	1.01520674046824	1.05514774441826	0.996396623409349	0.923900718155474
4096	1.00869605163424	1.02652456531226	1.07868829337094	1.09527503526093
8192	0.982420272253666	0.981182329302203	1.16674791086351	1.09038300835655
16384	1.00942048999924	1.01193724462434	1.04718929640176	1.07682411147584
32768	1.00043522004047	1.01540791987429	0.890490471485654	0.943186147337549
65536	1.01642677624397	1.01713254127997	1.04205406578494	1.0908873013671
128036	1.01022820578275	1.02113146726004	1.1191666953678	1.14026483000787
190536	1.00849084568592	1.00976288453664	1.16182533909353	1.03165524883157
253036	1.00645953919563	0.998100763034555	1.07508275750562	0.935052909490095
315536	1.00369657251752	1.01303943355259	1.0644005454457	1.10048117353157
378036	0.995256963187502	1.00148560573141	1.04172349744659	1.03565074139531
440536	0.996975043536328	1.0059069585175	0.964102630794397	1.04482048419346
503036	0.998198841427666	1.01344831375792	1.0352226688794	0.992540781890316
565536	1.00806256987897	1.01272413051128	1.01191025040928	1.09622898793159
