1	0.963440111420613	0.982242339832869	1.0	1.12173913043478
2	0.976608187134503	1.01703534197813	0.836734693877551	0.829931972789116
4	0.974199564811937	1.0557973267019	1.09090909090909	1.22377622377622
8	1.03143569101016	1.00584627180372	0.990566037735849	1.15566037735849
16	1.03568818514007	0.963824604141291	1.20274914089347	0.927835051546392
32	1.01682306196635	0.952743258094513	1.04697986577181	1.05369127516779
64	1.09202740020801	0.985295699888821	1.13626373626374	1.12967032967033
128	0.957645484097138	0.894225253362228	0.961352657004831	1.41062801932367
256	1.00148744964363	0.987170746823675	0.913227513227513	1.52592592592593
512	0.941680559211489	0.905355210435495	1.40396825396825	1.55555555555556
1024	1.174147106777	1.03177777094164	1.20723226703755	1.57162726008345
2048	1.08034677797812	1.05880900041989	1.27731908693541	1.51724137931034
4096	1.04992286442077	1.019248017795	1.03297617809217	1.21502132528867
8192	1.03049055707329	1.06787029338401	1.02873332951749	1.10497395684277
16384	1.02471736233504	1.0992849876055	1.03507258875952	1.20810694264769
32768	0.996781728926738	1.05036516493639	0.912919654921526	0.941866749818106
65536	1.00324876916805	1.06364159009899	0.969213345386158	1.01500368857995
131072	1.0088509311678	0.995687671550329	1.00018326922983	1.00792944867728
262144	0.997850450764952	1.08254824443089	1.00163443931203	1.01315322929265
512144	1.00791065419911	1.01104827293923	1.00830489554696	1.00997087196094
762144	1.00816214983023	1.07975082330585	0.99957656945407	1.00555585886593
1012144	1.00623723445063	1.01041589131673	1.01588299137826	1.01943037282931
1262144	1.00219654207304	1.02059541377247	1.00758831531766	1.03900348268556
1512144	1.00227702815194	1.14172032659561	1.00717313356316	1.01617747011903
1762144	1.00929736683077	1.07997590747861	1.00704127949878	1.01193344422556
2012144	1.00819785318606	1.21123227858536	1.0113407955007	1.00411317784272
2262144	1.0007724301762	1.07664657397415	1.00781965649599	1.01547655116768
