1	0.963957597173145	0.928268551236749	0.929133858267717	1.0
2	1.07608695652174	1.04654403567447	0.917910447761194	1.0
4	1.02882026920032	0.943309580364212	0.926553672316384	0.903954802259887
8	1.0066154121223	0.948060075093867	1.08292682926829	0.892682926829268
16	0.925461008664741	0.964730059986669	1.0078125	1.17578125
32	1.01857325627564	1.02197026514316	1.00261780104712	1.32984293193717
64	0.926644864085522	0.881844076379365	0.775043936731107	0.938488576449912
128	0.999184149184149	1.07191142191142	1.54497354497355	1.19400352733686
256	0.976049209309084	0.949943089627782	1.32988505747126	1.66551724137931
512	0.967338824197671	0.836460230215347	1.35397039030956	1.63189771197847
1024	1.02369845755729	1.00239481539492	0.76478727084054	1.24835696990661
2048	1.02904063897676	0.906792918329233	1.14221073044602	1.49041154923508
4096	1.00922551879782	0.774055521917029	1.06948356807512	1.22734741784038
8192	1.00148947910678	1.00127531825075	1.04830454254639	1.0936233738537
16384	1.00197012901553	0.874079243853317	0.985168018539977	0.913557358053302
32768	0.999343504368611	0.874336090277021	1.0852514539094	0.968671316205798
65536	1.00233788932493	0.747566144912385	0.976772584905757	1.05718971780683
131072	1.00043057656453	0.61864475834434	0.997604939572625	1.01502421406092
262144	1.00051792908433	0.872366568303125	1.00728888995382	1.01851694331462
512144	1.00001210086386	1.0012326439743	1.00416172939432	1.01574056630693
762144	1.00028042870052	0.872158475668343	0.997289619839901	1.00259818398365
1012144	1.00044903378474	1.00114212736231	1.01383160337958	1.01980281310464
1262144	1.00107308003532	0.87243929165777	1.00383329550942	1.0089917610515
1512144	1.00044683674317	1.00060288499766	1.00717750356136	1.0116129828614
1762144	1.00083703488297	1.00074002749692	1.0122252613485	1.01408944883972
2012144	1.00030216394994	0.872668904119176	1.01637026301972	1.01624238018307
2262144	1.00120788019198	0.872785450083601	1.01118770347723	1.01554637582465
