1	1.00431034482759	1.02442528735632	0.976190476190476	0.912698412698413
2	1.11631944444444	1.0625	0.990476190476191	1.10476190476191
4	0.969096059747618	0.969096059747618	0.961538461538461	1.05384615384615
8	0.936339522546419	0.942736776408176	1.15602836879433	1.21276595744681
16	0.943615544760583	0.962699514226232	0.968325791855204	1.11764705882353
32	1.05751235411629	1.05866890968352	0.977777777777778	1.15555555555556
64	0.903652376292613	0.814498426383856	1.28822055137845	1.39598997493734
128	1.00778449427146	0.816915020735222	1.15197956577267	1.3397190293742
256	1.10062710409928	0.718304838603208	0.601593625498008	1.02456839309429
512	1.26669261710134	0.85094070325678	1.27119831814997	1.54940434477926
1024	0.788140120583073	0.810479606633159	1.30755608028335	1.7172373081464
2048	0.960571819399089	0.628789411322718	1.54320531757755	1.60192023633678
4096	1.06739883433929	0.727148279509676	0.748974569319114	1.14060705496308
8192	1.1035164049856	1.01589003089728	1.30102099346105	0.967993575771481
16384	0.948924969210088	0.892545218910238	1.30456468211377	1.09874360755098
32768	1.03934640595924	0.917283695354542	0.752214495359475	0.894285940929162
65536	1.00133294591944	0.924661315512294	0.988403343875748	1.12783048985107
131072	1.00498981560314	0.943025574152109	0.980879261493465	1.03691923346434
262144	1.00918294769804	0.9811669761295	0.973680673243423	0.988790697306657
524288	1.00082354546244	0.985904225631612	1.02298280624887	1.01291665142518
1024288	1.00924681904027	1.01258592985267	1.0124805178226	1.01901151885931
1524288	1.00828095278628	1.00645190253451	1.00648444283766	1.02510470873131
2024288	1.00205060072968	1.00051088792119	1.00834846133835	1.00762756257536
2524288	1.00544263557773	1.00942289306816	0.998139050107925	1.01482638927263
3024288	1.00220246179156	1.0063192286391	1.01586684395252	1.02394748505648
3524288	1.00325717950423	1.01090513420941	1.00669481642403	1.01198901376014
4024288	0.997223766223643	1.00530716147018	1.00322753939786	1.00319594905294
4524288	1.00377697107757	1.00514288480462	1.00952625419713	1.01154645782779
