1	1.00765916706558	0.868358066060316	1.06611570247934	0.925619834710744
2	1.07678410117435	0.999548328816622	1.13157894736842	1.10526315789474
4	0.984830243197688	0.857693233806887	0.825503355704698	1.03355704697987
8	0.889768574908648	0.931790499390987	1.21621621621622	1.11486486486486
16	1.09808451246511	1.05573202425643	0.804444444444444	0.835555555555556
32	0.858841925701289	0.884192570128886	0.888	0.749333333333333
64	1.09456911755762	0.738368910782704	0.808139534883721	1.10271317829457
128	1.06070324352352	0.906611871795364	1.03659976387249	1.03659976387249
256	0.978367141441866	0.862537151023988	1.00771456123433	1.61716489874638
512	1.0635843186061	0.90713130056005	0.923404255319149	1.10159574468085
1024	0.663641714377441	0.817389908502328	1.2109375	1.65264423076923
2048	1.03110505696402	0.693756473184131	1.04816157431383	1.29803210771621
4096	1.04819558932231	0.758226746633981	0.890606007987498	1.14481680847369
8192	0.881515301257647	0.779929148600024	0.958160367052655	1.30303692374918
16384	0.955418928304993	0.839734520103928	1.00801554529998	0.936665047364586
32768	1.01080619417834	0.883887928136386	1.13780640543926	1.59499015924137
65536	0.978403414985814	0.926175535914302	1.2049912333885	1.21066085503138
131072	1.00129980194372	0.976607249781217	0.998993841827086	1.0311302914222
262144	1.01041031459315	0.986917745152583	0.979919494148592	0.993090229812036
524288	1.00101617657988	1.00482646716377	1.02189521314663	1.01976992575753
1024288	0.999993746300426	1.0015572988204	1.00715035002462	1.00481409020877
1524288	1.00365754092694	1.00589817961627	1.01547956003933	1.03108698839209
2024288	0.999865463820258	0.998623586425971	1.01872767162485	1.01633166182959
2524288	1.00041838967463	1.00048134469862	1.0172959788626	1.00940894029836
3024288	1.00184222813905	1.00421002701059	1.01116925373959	1.0137161636376
3524288	1.00125191879501	1.00322128107247	1.02393618699376	1.01979847774473
4024288	1.00206076866619	1.00207404563775	1.01360417310466	1.01474877209272
4524288	0.99969380637125	1.00352943998579	1.01160947350421	1.02838952506828
