1	1.08187435633368	0.976313079299691	0.959349593495935	1.00813008130081
2	1.14708603145236	1.14153561517114	0.873015873015873	1.00793650793651
4	0.99920424403183	1.04668435013263	0.928104575163399	0.973856209150327
8	1.05496231155779	1.0518216080402	0.824120603015075	0.839195979899497
16	1.04749584180373	0.976529292182591	0.87551867219917	0.850622406639004
32	0.987361921759684	0.93377068158796	0.913312693498452	1.328173374613
64	1.12441241959426	1.03973899059871	0.997979797979798	1.03434343434343
128	1.08636971747856	0.877901943810498	1.28064992614476	1.64992614475628
256	1.15250656252001	0.739868109353992	1.20912863070539	1.24315352697095
512	0.802885363198009	0.683426660444859	0.832551908908238	1.52109845947756
1024	0.991772757006994	0.732337845317768	0.728864218616567	1.2134927412468
2048	1.12588246453204	0.832016693993143	0.718681917211329	1.29084967320261
4096	0.944242908673553	0.692787752090507	1.07007439404848	1.7825773938085
8192	1.42310485701316	1.22115297321834	0.922931913949878	1.15247283211355
16384	1.20648449903902	0.928350583151285	1.00892369331634	1.11430826200449
32768	1.0782564048087	0.821931268922293	1.19658973475715	1.31601791250431
65536	0.865528151165026	0.79143141813351	1.27144159878823	1.14249061036492
131072	1.04682173053321	0.980656791217783	0.937840970287293	0.963327401718607
262144	0.999759412364701	0.995288492142057	0.986323972626551	1.00838104610645
524288	0.994595975691506	1.00633537369364	0.990271231493542	0.993656821732442
1024288	1.01783647480623	1.02951992740148	1.02256409825822	1.02507394136329
1524288	1.02608047765758	0.999810429141666	1.01142043612478	1.02105681086694
2024288	1.00499668172544	1.0246184369655	1.02234554836323	1.02326437596322
2524288	1.03730839074599	1.01705739926308	1.02222497899236	1.0180303272092
3024288	1.02977210027398	1.01415272639855	1.02319753761507	1.01760795052527
3524288	1.01282377150027	1.02407223134075	1.01494579397331	1.02080329447569
4024288	0.993277638164658	1.00655135057427	1.00139172508646	1.00734950349772
4524288	1.02886040697602	1.03700488151835	1.01384459788844	1.01967786763854
