1	1.16268980477223	0.973427331887202	1.10924369747899	1.07563025210084
2	0.985988791032826	0.883907125700561	0.844961240310077	1.0077519379845
4	1.0791564792176	1.08649144254279	1.23239436619718	1.04929577464789
8	1.06633269994818	0.98013473829677	0.875598086124402	0.827751196172249
16	1.09635974304069	1.12176367529687	1.30364372469636	1.00404858299595
32	0.948805962830383	0.96665522483205	1.14984709480122	0.926605504587156
64	0.991979398589018	0.702942675500952	1.16634429400387	1.29980657640232
128	1.08854858940038	0.754010895407829	1.39867109634551	1.65448504983389
256	1.07516450362818	0.681786262321517	0.689011748445059	1.11264685556323
512	0.862260387811634	0.558016620498615	0.861910241657077	1.11680092059839
1024	1.00113736067332	0.817989796249959	0.759521700620018	1.29583702391497
2048	0.849274482200201	0.507457605285192	1.15779539448849	2.06757266893167
4096	0.808946684405208	0.800941270561456	0.962414846135777	1.61357763683345
8192	1.0482514105627	0.808201596096172	1.39155495978552	1.38230563002681
16384	1.00755085832977	0.900250473455923	0.895570403365504	1.10523385300668
32768	1.06511717599723	0.929412960371502	1.0827872046477	1.38584434446845
65536	0.989296688680976	0.935300002293157	1.11901141293039	1.07124677860836
131072	1.00890643170738	0.983407641985083	0.96014205386209	1.01566735720627
262144	1.00481922515265	0.993116344712005	1.01780267149898	1.01857419381409
524288	0.997673463556765	0.996177818774093	0.989658853624638	1.00120720563452
1024288	1.00049211763308	0.994215946565384	1.01077894160487	1.00568628628657
1524288	1.00136697693169	1.00286186988288	1.01179987546454	1.01912126428847
2024288	1.00071818999212	1.00284890902551	1.00987441036337	1.02361308999522
2524288	1.00100382226405	1.00198605289522	1.01174227306488	1.00946539061876
3024288	1.00225086981908	1.00348954193762	1.01486318059135	1.016329391431
3524288	1.00200766705936	1.00374515336013	1.00957202997882	1.01966777064853
4024288	1.00125896493006	1.00273403403266	1.01485629304813	1.01428493839089
4524288	1.00052178773081	1.00220712367255	1.00922419766133	1.01278179266126
