1	1.02795208214489	0.872219053051911	1.07692307692308	1.0
2	0.949426485922836	1.04848800834202	1.10280373831776	1.26168224299065
4	0.936949630151462	0.802747446283903	0.929824561403509	1.17543859649123
8	1.01802729848056	1.01236157610095	1.02816901408451	0.866197183098592
16	0.887056883759275	0.815828524319868	0.898477157360406	0.700507614213198
32	0.972299168975069	1.06289114599364	1.1608040201005	1.27638190954774
64	1.06035510798993	1.00106002385054	1.05395683453237	1.17985611510791
128	1.16775177188067	0.922943794297017	0.773127753303965	1.0726872246696
256	1.05122778852118	1.08059984675448	0.765079365079365	1.03968253968254
512	0.910763868375967	0.976694039109116	1.24006622516556	1.72516556291391
1024	0.924699671148296	0.990917429140288	0.864406779661017	1.32502492522433
2048	1.10573628624916	1.00305534951079	1.1562729273661	1.78870139398386
4096	0.997955101630332	0.926394832999966	0.796848235697157	1.30729701952724
8192	1.02512259188826	0.80604723047275	1.15488431876607	1.32047986289632
16384	1.00169624081058	1.0309702984063	1.17383820998279	0.952380952380953
32768	1.00879210558578	0.881104383610271	0.967463656211726	1.27584003408062
65536	1.0128317028352	0.887144510182439	0.850510192486876	0.920687225870963
131072	1.00525672936434	0.876609070276451	0.978290223216169	1.01153002236381
262144	1.00099164849815	0.603112671761198	1.03409642207398	1.01741964827168
524288	1.00144280185578	0.467668105344015	1.01935511305248	1.0025797367818
1048576	1.00310366420921	0.600808421083989	1.01720120743326	1.00766319215168
2048576	1.00354074940045	0.866905181335545	1.01072109678838	1.0109531394649
3048576	1.0023393540225	1.00133972952094	0.992442255468861	1.00288015358679
4048576	1.00235466078737	0.733676789804028	1.00163061465975	1.00969434341586
5048576	1.00248233289176	1.0012653840461	1.00969783461676	1.01094946270822
6048576	1.00221826409984	0.868198570411591	1.01163284155354	1.02894736733258
7048576	1.00351277907009	0.73378610749198	1.01798829468293	1.02455105947676
8048576	1.00248969483689	0.600271184504984	1.00882354950735	1.02104036577465
9048576	1.00222779904818	0.734075270548307	1.00662330500522	1.01253213748408
