1	0.997011356843993	1.00777047220562	0.950413223140496	1.05785123966942
2	1.05998835177635	1.01339545719278	1.12037037037037	1.12962962962963
4	1.0577193805725	1.09995307367433	0.928571428571429	1.08035714285714
8	0.93929326487466	0.93808517064331	1.03478260869565	1.26086956521739
16	0.987481371087928	0.974962742175857	0.840236686390533	0.869822485207101
32	0.9794921875	1.029052734375	0.715846994535519	0.710382513661202
64	1.18583844580777	0.965746421267894	1.01212121212121	1.29090909090909
128	1.18569185916125	1.27158555729984	1.15765765765766	1.40540540540541
256	0.800212822559191	0.947725458898643	0.88051948051948	1.24415584415584
512	0.992642612376537	0.969965732715178	0.904424778761062	1.16991150442478
1024	1.04289866060147	0.961271165024008	0.986301369863014	1.36872146118721
2048	0.966966756576873	0.948891302063264	1.0258863252673	1.40292628024761
4096	0.94493878884554	0.991543827955336	1.05187220886293	1.28684300927516
8192	0.999554163901792	0.998776542800265	1.0738104158861	1.20194829524166
16384	1.00884914048141	1.02688777300122	1.15182698177379	1.08336966948635
32768	1.0160913587839	1.01597538016712	0.957666434701925	0.944676409185804
65536	0.997873600488791	0.991450185708237	1.00591666246449	0.998352747382045
131072	0.999970890756394	0.999827375415822	1.00552645752512	1.0339783469023
262144	1.00036949728708	0.997128090810908	1.02183453099181	1.01569765207701
524288	0.999619021567574	1.00043555009687	1.01837013204843	1.02708060138453
1024288	1.00139574701193	1.00248348519078	1.02054052556758	1.03381475241658
1524288	0.999694891303634	0.999987211364006	1.00318298591916	1.00106663197945
2024288	1.0013286675254	1.00066982558847	1.02185276706334	1.02042304375214
2524288	1.00072743287016	0.999962229720191	1.0267993782207	1.02240862397608
3024288	1.00238098992836	1.00180440993139	1.01715196980697	1.02153317948593
3524288	1.00087792564389	1.00089443747462	1.02453097821882	1.02138601774933
4024288	1.00119103260827	1.00188716624773	1.02203102308736	1.02424436910578
4524288	1.00141238325792	1.00060150052165	1.0253819673598	1.01970019377277
