1	0.986581096849475	0.997666277712952	1.01869158878505	1.10280373831776
2	0.920281995661605	1.01789587852495	1.17777777777778	1.31111111111111
4	1.0169567157519	1.10084783578759	0.821705426356589	0.868217054263566
8	1.11014290693621	1.04566050888811	1.00840336134454	1.14285714285714
16	1.11928783382789	1.00563798219585	1.0	0.991935483870968
32	0.956933483652762	0.884103720405863	1.12408759124088	1.02919708029197
64	0.918484775833133	1.02900982977703	1.025	1.0625
128	1.16924246262985	1.26577147200405	0.963470319634703	1.2648401826484
256	0.997261345852895	0.911384976525822	1.08163265306122	1.45238095238095
512	1.00830790098338	1.05035605289929	0.906642728904848	1.21723518850987
1024	1.0089031779399	0.992209719302585	1.42590120160214	1.65420560747664
2048	1.03597571862167	1.26370291019461	0.982532751091703	1.40548970679975
4096	1.05598701750319	1.05361075692593	0.818914081145585	1.40572792362768
8192	1.0514502994818	1.04253314489535	1.09563164108619	1.17524034407151
16384	0.995983147070375	0.985342949976791	0.958870242732994	0.924782738987114
32768	0.997358120380353	0.984925745699661	1.05447005002352	1.23545256317072
65536	0.984016259754598	0.978034275964168	0.971725571725572	0.936526467295698
131072	1.0174327900451	1.01723045466889	1.03518093853124	1.04130943724881
262144	0.990764704279838	1.00594164600757	1.01321150852434	1.04441780783192
524288	1.01109171886279	1.00804420045806	1.01308671292345	1.00932061890097
1024288	1.01207121221212	1.00409750811867	1.02228187507375	1.01860548561056
1524288	1.00491070670821	1.02450600744414	1.03249396151672	1.05195553709835
2024288	1.00067882188757	1.01207110508848	1.01691250226103	1.03515115285915
2524288	1.00581153433916	1.00343134373924	1.01740452259731	1.01096242350522
3024288	1.00267896237625	1.00082405122684	1.01789862684788	1.02127940610999
3524288	1.00851639796146	1.00478166912857	1.01744321293359	1.01300631102381
4024288	0.999288558179669	0.999097861481982	1.00177581551467	1.00941886290602
4524288	1.00567423453355	1.00311377578462	1.02893854304285	1.01994666866972
