1	0.862655029857602	0.875976113918236	0.827868852459016	0.975409836065574
2	0.969476744186046	1.1312984496124	1.11764705882353	1.11764705882353
4	0.953913927482209	1.01626567265334	0.943262411347518	0.914893617021276
8	1.10087424344317	1.06074871105133	0.843137254901961	1.12418300653595
16	0.891567616057412	0.950997981610227	0.840579710144927	1.03381642512077
32	0.950178397664612	0.906260136230944	0.783171521035599	1.01294498381877
64	1.01920099101889	0.826950208182788	1.06320541760722	1.43566591422122
128	1.01983462331846	0.865688746275499	0.909581646423752	1.62348178137652
256	1.00612340593768	0.387576657503011	0.8453261600538	1.40080699394755
512	1.04618152343673	0.193182492141629	1.25273722627737	1.4603102189781
1024	1.06826963849521	0.221600105112907	1.14456721915285	1.13505217925107
2048	0.978004218520858	0.167412849865724	1.38363352715927	1.39483761168629
4096	1.08260371056725	0.222401776937433	0.989742366412214	0.868499522900763
8192	0.949407271464709	0.264392473918291	0.982833631243466	1.19112340224613
16384	1.04028944838455	0.269134427386455	0.981927588791864	1.00068885872318
32768	1.04565348727243	0.299349389854256	1.06248769539709	0.971079261330078
65536	1.0391909184532	0.382658588105725	1.03733470132239	1.02642187953405
131072	0.998240072403908	0.429480948026253	0.991457937756776	0.980182511251513
262144	1.03764205778815	0.473833581828511	1.00784032090173	1.01696572554232
512144	1.01426681103534	0.435994661939054	0.994932114239346	0.996707745883626
762144	1.00985523218233	0.433350449733724	0.996932892468855	1.00046572484943
1012144	0.990088862817273	0.424095548148004	1.00267853280183	1.01288526312537
1262144	1.003265517525	0.430035431513895	1.00204490962688	1.00192388134496
1512144	0.998318019837968	0.422401933294744	1.00844840159431	1.00627119354661
1762144	1.00310126297318	0.424366124953192	1.00980378033514	1.0100609508301
2012144	0.998797841397882	0.419936926443252	1.00123124369077	0.999362557470806
2262144	1.0018512984407	0.421197442818626	1.00286028926657	1.0086572273326
