1	1.10944759938049	0.976768198244708	1.056	1.08
2	1.0111976630964	0.905550146056475	0.897810218978102	0.824817518248175
4	1.03164556962025	1.0323488045007	0.965277777777778	0.951388888888889
8	0.951187904967603	0.959179265658747	0.922077922077922	0.941558441558441
16	0.981802208835341	1.02622991967871	1.0	1.28977272727273
32	1.02409810352203	1.0555397119635	1.13389121338912	1.19246861924686
64	1.02134540750323	0.747125197642662	0.876712328767123	0.902152641878669
128	0.993885069695013	0.557218276425234	1.03510895883777	1.08595641646489
256	1.00181289060636	0.63451171222747	1.00398089171975	1.34792993630573
512	1.01188543189955	0.262291362008976	1.13571756075195	1.44658413571756
1024	0.958583591664514	0.198360673383277	1.43110419906687	1.39409020217729
2048	1.0319130113892	0.190253042764682	1.05918633614043	0.923378009726011
4096	1.04727647344937	0.189369130657561	1.03216754500034	1.11340770652248
8192	1.0064087599726	0.205713953583655	0.9472673134185	0.794704319149617
16384	0.980246205473706	0.232775461635263	1.1340616966581	1.07358611825193
32768	0.904008399098957	0.282097796048673	1.10097912111302	0.899485284157975
65536	0.913916009421331	0.395908301651991	0.998288810723453	1.00964170098218
131072	1.0495569961888	0.538523066186132	0.987725657682231	0.982165117419756
262144	1.02693773907547	0.654017337751254	0.996232853129949	0.991048128773974
512144	1.01940111760691	0.778309825702111	1.0000232715942	1.00640336286784
762144	0.999268796805731	0.825432076140455	0.995959321136537	1.00023326535548
1012144	0.955457007617868	0.828924963439365	0.997278923416908	1.00340150129007
1262144	0.990555452209757	0.869570342092564	1.01300945846542	1.01315016622042
1512144	0.977699068680555	0.883344177602454	1.00526135498737	1.0048652852816
1762144	1.00575929800795	0.889819976865909	1.003878733375	1.00623064353555
2012144	0.994084498232033	0.906942349242964	1.00765014552052	1.00037717389925
2262144	0.994856887141566	0.911071658320171	1.01163307872491	1.01116063254114
