1	0.714473900872715	0.741643339370986	0.881147540983607	0.897540983606557
2	0.983874139626352	0.969124877089479	1.0046511627907	1.02325581395349
4	0.992378312835614	1.10185345574225	1.0219298245614	1.1359649122807
8	0.947275922671353	0.925056490082852	1.18345323741007	0.942446043165468
16	0.987786861026297	0.947404707968088	0.997041420118343	0.979289940828402
32	1.16756675667567	0.938418841884188	0.762845849802372	0.74703557312253
64	0.925739992176294	0.968444386491068	1.11156186612576	1.00202839756592
128	1.03167537578221	0.990710276756338	1.02907915993538	0.941841680129241
256	0.960283528352835	0.878544104410441	1.095046854083	1.11512717536814
512	0.959103110690036	0.861940102110638	1.07833333333333	1.01083333333333
1024	0.988843606724402	0.997300050942435	1.00176886792453	1.06662735849057
2048	0.89525645059786	0.980333543108874	1.0280953936622	1.28618098660568
4096	1.00292350170538	0.974435601754101	1.03059490084986	1.11671388101983
8192	0.946039760176712	1.02639408556102	0.863931965982991	0.933966983491746
16384	1.01589420043679	1.06701953409367	1.00160226201697	0.995475966069746
32768	0.997593370604387	1.02841642131728	1.08615105583625	1.11757999740899
65536	1.03721641840077	1.03740414308375	1.04281857095818	1.094698715838
131072	1.00002677447857	1.02209624694832	0.939161582462414	0.95371684515142
262144	1.02048593727734	1.0290434977799	1.01582638552525	0.943756430723021
524288	0.997437773608505	1.00019449656035	0.977416793523843	1.00053897867485
1048576	0.997632553248536	0.998332011746593	1.04233922785692	1.01721681184356
2048576	1.01051494848226	0.997711703404324	0.983270017460589	1.04636534241377
3048576	1.01617748717524	1.06481677770627	0.965834177030593	0.983160766080789
4048576	0.996719138277708	0.98803670323047	0.968354426102319	1.01050803093156
5048576	1.00954886167792	1.01304810243579	1.00070465077777	1.00408906807869
6048576	1.01554988324517	1.01834263350632	0.974146981715598	1.08587397997896
7048576	0.994987264516257	1.00068857034579	1.06874178131002	1.01750838121226
8048576	0.994247105773307	0.993927509775236	0.985859639029397	0.969843473213776
9048576	1.00650950246143	1.00689302144317	0.955542789090676	0.994836332031927
