1	0.980578271028037	0.951518691588785	0.957528957528958	1.00772200772201
2	1.09415466537577	1.01670095606922	0.809768637532134	0.786632390745501
4	1.00456787867714	0.885254887630184	1.15457413249211	1.22712933753943
8	0.96761390696936	1.04008572789332	0.871733966745843	1.14014251781473
16	0.910726454954341	1.01383399209486	0.954148471615721	1.10917030567686
32	1.04710120301774	0.949840277305784	0.911458333333333	0.901041666666667
64	1.02455256186599	0.968727789623312	1.09027777777778	1.08055555555556
128	1.02941687416758	0.994556720134345	0.894965277777778	0.996527777777778
256	1.02664673744975	1.08545510772085	0.986511342734519	1.05885959534028
512	1.00950262076247	1.07356989328406	1.07683782785371	1.05947543405984
1024	0.977079055441479	1.06368069815195	1.10041510179877	1.1120774856691
2048	1.02244755908501	1.09974056379916	1.00978809283552	1.08718466195762
4096	0.973640005168626	1.06091226256622	1.00041968313923	1.24483265134823
8192	0.992499313817353	0.966377050266428	1.02468144340936	1.12659278295321
16384	1.01243462587781	1.0368237287134	1.05871845862558	0.907522297772009
32768	1.00349221472432	1.02468807007936	1.07275233467728	1.02011096178366
65536	1.00508733018253	1.0079092679342	1.02605660142127	1.0320845281137
131072	1.00268624573574	1.00879120530071	0.957701896650018	0.965801020509461
262144	1.00353997917379	1.00358703687511	0.949969252097735	1.01361471260152
512144	0.999231640239278	1.00048312047375	0.959772678716404	0.927690637952399
762144	1.00077532980649	0.997004487141928	1.06279437120949	0.988100277076882
1012144	0.996377475259263	0.999761695536874	1.06784300526426	0.994737429294595
1262144	0.998855822803812	1.00516047874704	0.973257994812045	1.05051341739093
1512144	1.00103970977322	0.998482035336537	0.98761040406304	0.916902291141134
1762144	1.00065921628953	1.00041032657101	1.05533463853679	1.03388599318922
2012144	1.00351744144947	1.00720708988221	1.02226334782473	0.99631836603862
2262144	0.997615564150046	0.996109368585512	0.979184168100765	1.03401769038162
