1	1.00198412698413	0.930130385487528	1.06882591093117	1.03643724696356
2	1.0330001204384	0.905335420932193	1.17602996254682	1.14232209737828
4	0.985203796761586	0.994881816489857	0.894894894894895	1.07807807807808
8	1.10134128166915	1.25221355308144	1.0749354005168	1.02325581395349
16	0.989709864603482	1.06174081237911	0.847328244274809	0.877862595419847
32	0.910512542286334	0.90144890534244	0.939655172413793	0.970689655172414
64	0.747460728029777	0.947574285534036	0.834804539722573	0.930643127364439
128	0.971232197264933	1.0979238999504	1.0337972166998	1.14512922465209
256	0.977659702934428	1.07523245984784	1.02364217252396	1.05814696485623
512	1.01129825295533	1.05659587822994	0.853129770992366	0.996946564885496
1024	0.991559108570408	1.19213076682596	1.05832531280077	1.17382098171319
2048	1.06114087614245	1.27086178520153	1.16986357575136	1.09283003384963
4096	1.00921527645829	1.33372126163785	0.830367991668113	0.9596858184343
8192	0.979017333507103	1.20249938456637	0.98128548958972	1.06915304843912
16384	0.959536966923907	1.10298216500991	0.995648356682063	0.945782595971549
32768	1.0111634452068	1.15901299190191	1.07990699693958	1.05243327660707
65536	0.985114742922421	1.03698628243986	1.03214138332062	1.07029149524179
131072	1.02181232475139	1.01750711820613	0.949200226084499	1.04074325279073
262144	0.997062121714868	1.12635238069865	1.0181905190617	1.05732285544288
512144	1.02228429354391	1.02701104437811	0.990599591964791	1.03384600659025
762144	0.987524703635227	1.01667304824198	1.0541541260456	1.14024244102118
1012144	1.00228325854728	1.02198391250032	0.966357870112636	0.961080752030409
1262144	1.01094579152211	1.00795393496838	1.10428998163219	0.985899626102242
1512144	1.00377230331817	1.02766170356944	0.964678497193483	1.03376590022356
1762144	1.00489323733269	1.02252510561724	0.951718292875486	0.958129597192319
2012144	1.01355319263733	1.01769622499034	0.909785825336385	0.933244828424407
2262144	1.00870791802341	1.02450740490866	0.912451081305933	0.91976914073277
