1	1.03844758795793	0.977874501269496	0.969924812030075	0.917293233082707
2	1.04615384615385	1.09230769230769	0.8	0.838888888888889
4	1.11707731520816	1.0321155480034	0.902298850574713	0.931034482758621
8	1.01131309224521	1.03451943531232	1.33023255813954	1.18604651162791
16	1.05061497842746	1.03033034966836	0.862815884476534	1.28880866425993
32	0.923736462093863	0.971750902527076	1.03562340966921	1.04580152671756
64	0.880565253532835	0.811870324189526	1.00388349514563	0.953398058252427
128	1.02492381367	0.950877956755188	1.09012875536481	1.27181688125894
256	1.15218282816985	1.10423889945196	0.85082304526749	1.34876543209877
512	0.944492908145133	0.959419727957094	1.17920868890613	1.57408844065167
1024	1.0858923150663	1.03022847100176	1.1579791499599	1.51884522854852
2048	1.01851706551589	1.53294102262325	0.848844741956381	1.09911466206003
4096	1.1289174606819	1.4554471358053	0.942781607024832	0.939193654990086
8192	1.02886379894871	1.44482286709589	1.0025641025641	0.997606837606837
16384	0.989569186660631	1.22443224686887	0.966292134831461	0.963754983689743
32768	1.02282661486158	1.19142440852009	1.05983514560529	1.03505871278406
65536	1.03173126906287	1.17592331636072	0.973345296362197	0.981758061182827
131072	1.00846332016017	1.14018621267241	1.02026120008458	1.02806474929807
262144	0.994658060398051	1.03916000133122	0.996491725260067	1.01500300499856
512144	1.00729678533673	1.03858251591793	1.00571060508753	1.01336668431865
762144	1.01049829809616	1.11320471817319	1.00983618902586	1.00941280323647
1012144	1.02496167130368	1.02885676396539	1.01620276558488	1.0283357338605
1262144	1.01361889492182	1.02450001213223	1.00902776499745	1.01007293986295
1512144	1.00424979172191	1.01524886799629	1.00612860576667	1.01277158350348
1762144	1.00491475816866	1.08793843959882	0.994532631244865	1.00152218775721
2012144	1.00369495170493	1.08567798914263	1.00123783175419	1.00753250382585
2262144	1.01039765428185	1.01330957306595	1.00795239287116	1.01151339928211
