1	0.949464818389191	1.00877346902965	0.976	1.04
2	1.0738378922638	1.1243497231079	0.81875	0.90625
4	1.0099537361559	1.07738679377541	0.934718100890208	1.1186943620178
8	0.960239336035514	1.00887859486586	0.942857142857143	0.94945054945055
16	1.00441058540497	0.859796845763165	1.01470588235294	1.01654411764706
32	0.964146531566641	0.74906674324158	0.934407364787112	1.04487917146145
64	0.988114414018646	0.52198955435154	0.894062078272605	0.920377867746289
128	0.988959865697335	0.38902246439699	1.00513630975899	1.04662188858159
256	1.02228641788217	0.329588937298731	1.02515223722531	1.06354249404289
512	0.962920879948365	0.305084175989673	0.921660252886201	1.08191313908741
1024	1.01686603267173	0.316639290329605	1.21169271479368	1.15107913669065
2048	0.978899648186065	0.313453772101494	1.00470147891181	1.19559065181669
4096	1.00590331671921	0.314890690626998	1.11380504700643	1.1581960839754
8192	0.997848690979519	0.317297056559605	1.02264785967209	1.23795444718421
16384	1.00538464419695	0.322122394605247	0.937065970281401	1.03432440046326
32768	0.984780899547488	0.323096579154265	0.909209561138238	0.972907176849877
65536	1.00495356508483	0.325434463411261	1.00483938816969	1.18966785990342
128036	1.00657334596993	0.322004749506658	1.03368637293545	1.1469693582753
190536	0.997048327349555	0.321476960954516	1.11694569327282	1.01926665607877
253036	1.00206080474424	0.320339555024854	0.880819650528424	1.06172337453549
315536	1.00257166714779	0.317220858276439	0.818814226596375	0.975411263341855
378036	1.00018566928716	0.325386296391759	1.04340308213368	1.06424712039859
440536	1.00503000823895	0.317605524108122	1.16465425695407	1.20827247397065
503036	0.998003118622467	0.325107013609289	0.859861260367092	1.05503900490194
565536	1.00300456808123	0.318227925480884	1.17879590828485	1.02043016300564
