1	1.04516129032258	0.897947214076246	0.95575221238938	0.991150442477876
2	0.947888096544158	0.995063082830499	1.01739130434783	1.00869565217391
4	1.16824644549763	1.16682464454976	0.756410256410256	0.794871794871795
8	0.91832298136646	0.870807453416149	0.983870967741935	1.16935483870968
16	0.963198305533492	1.02965316388668	1.10204081632653	0.986394557823129
32	0.997057958223007	1.22712562518388	1.10191082802548	1.14012738853503
64	1.03476151980598	1.04149824845055	0.912820512820513	0.887179487179487
128	1.10128141941843	1.0352390340069	0.935064935064935	1.07792207792208
256	1.13553916683277	1.06458042654973	1.13028169014085	1.42605633802817
512	0.976438909458095	1.08078088185796	0.95615866388309	1.53653444676409
1024	1.05729089563286	1.04248704663212	1.19190600522193	1.24543080939948
2048	1.06631901144995	1.26164833919057	1.31214689265537	1.57697740112994
4096	1.07126928909107	1.56908393542057	1.04985976939857	1.14303521346214
8192	0.991380314502038	1.31124053581829	0.9419945105215	1.25928636779506
16384	1.02367149758454	1.2271646228168	1.12460194333306	1.05462562260145
32768	0.959077834916761	1.16839536302624	1.08667075628779	1.25129261239155
65536	0.964448723434603	1.06966433699425	0.965706324682516	1.0781610016611
131072	0.986969093111398	1.03712603706743	1.04697551043585	1.02406774986413
262144	0.972015585039735	1.0301951562795	1.01510508655923	1.01222174581758
524288	1.01511765359445	1.0275104867338	1.01398843082436	1.01008827481812
1024288	1.00542270686949	1.02128822679203	1.02489134649766	1.02181228502218
1524288	1.00185245695132	1.00511423910826	1.02106498261893	1.02879155188865
2024288	0.990200860692449	1.02033677999766	1.00752564799959	1.02987606577793
2524288	0.999108071191209	1.15768595637508	1.01315202898865	1.02022716435194
3024288	1.00200855966528	1.00232047022074	1.02420373221324	1.02824095728698
3524288	0.99581333791787	1.00128337122775	1.0260570232077	1.03105466183898
4024288	1.00845384292578	1.00970605156834	1.04074372067333	1.03560443492561
4524288	1.00916533934427	1.00245023676831	1.03015183389737	1.01838836549895
