1	1.03333333333333	1.04975124378109	1.06140350877193	1.12280701754386
2	1.0551724137931	0.953639846743295	1.05607476635514	1.1214953271028
4	0.962309736651365	1.01981154868326	1.04545454545455	0.987012987012987
8	0.939841767427974	0.964621585311241	0.954838709677419	1.01935483870968
16	0.992491050379813	1.00689775604645	0.760162601626016	0.959349593495935
32	0.941814256978855	1.0052985330913	0.975757575757576	0.957575757575758
64	1.00898788589293	0.784737341595489	1.41684665226782	1.03671706263499
128	1.08324466541564	0.980828384051382	0.804025423728814	1.12182203389831
256	1.22912909528103	0.84385332131049	1.26506024096386	1.28413654618474
512	1.12902178952248	0.706011435635914	0.916241806263656	1.70939548434086
1024	0.921106946289618	0.686266369330044	1.18339686573486	0.917831427361287
2048	0.717545014057546	0.656290004187354	0.968880244512365	0.869686023895527
4096	1.02128165944334	0.651589548312749	1.05540398740818	1.19055613850997
8192	0.929988665513333	0.897536240529738	0.856198836177138	1.04014202584081
16384	1.05019752077374	0.85509467375017	0.802765823702916	0.982157535902519
32768	1.20368531078256	0.929992338034564	0.989806378132119	0.96121867881549
65536	0.935804870749317	0.836301173419126	1.03031182781509	0.935113949775004
131072	0.913848089816945	0.946475550050139	1.00290048682445	0.994596188447397
262144	1.01918165351765	0.996766427432821	1.01493088859845	1.02254985340829
524288	0.998490100705625	0.973073919298486	1.00497875613558	1.00646711087499
1024288	0.99648451900314	1.04702335215067	0.995736671444675	0.99913439191728
1524288	0.996641479027119	0.998419370395218	1.00843015606553	1.00373454084425
2024288	1.01036487971907	1.02678612075758	0.997321540751122	1.01569737091246
2524288	1.01680566267353	1.02885236583265	1.0153893305119	1.01356665143262
3024288	1.02041296213067	1.02778609829458	1.00952968686773	1.01501263486842
3524288	0.995498096658578	1.02276819305002	1.00213424628934	1.00930985581017
4024288	1.00871186564845	1.023048495225	1.00946948657491	1.02169707430174
4524288	1.00991976770868	1.03057817409371	1.01229652426968	1.01900648933594
