1	0.967550455085081	0.996834190740008	0.984	0.928
2	0.898028809704321	1.0674753601213	1.01587301587302	1.13492063492064
4	0.97883064516129	0.824932795698925	0.72289156626506	0.855421686746988
8	0.979540446962543	0.983317595215612	0.965714285714286	0.965714285714286
16	0.961664841182913	0.880613362541073	1.06862745098039	1.15686274509804
32	0.978348798477278	0.992862241256246	1.13576158940397	1.24503311258278
64	0.9719836400818	1.06339468302659	1.2	1.272
128	1.0180339985218	1.11929046563193	1.01465614430665	1.09582863585118
256	1.06912292142158	1.27736115639604	0.944795859689477	0.998849913743531
512	0.998550342646284	1.29118344754876	0.963703475853584	1.11473392802215
1024	0.971309139274178	1.1224396731902	0.969710336715189	0.997353330392589
2048	0.941768696718555	0.986233360365528	1.02723934762189	1.14243019383486
4096	1.01848996737722	0.991375072619207	1.03583312004095	1.12703694224042
8192	0.998769855217061	0.996553327059784	1.01877915473783	1.0514124406895
16384	0.953513712964618	0.998792152160001	0.981454449266701	1.03694414781578
32768	0.986865103922959	1.00468823112104	1.02547695457857	1.06158079187258
64018	1.00364774636904	0.990863647604157	0.980093535793499	1.104675786072
95268	1.00563869485353	0.995375659357029	1.01074075830668	1.04116584909751
126518	0.981430261730863	0.940933312857221	0.958399267144923	0.988798865633897
157768	1.00025365889921	0.952093354299861	0.996413768960035	1.07637567697665
189018	0.991320214634125	0.942149768802993	0.991077139512471	1.04055673270382
220268	0.989911201881588	0.952574394626645	0.991382044849618	1.03974169163306
251518	0.994721639916313	0.950869523018822	0.976358488724007	1.06454749585082
282768	0.991918114279052	0.953568584280225	1.01176256478106	1.08206698520363
