1	1.18099547511312	1.03484162895928	1.0390625	0.9921875
2	1.11771700356718	0.99722552516845	0.974576271186441	1.00847457627119
4	1.33050468959357	1.30638677981242	0.99290780141844	0.964539007092199
8	1.03488019411586	1.07036700030331	0.93854748603352	1.11173184357542
16	1.01706161137441	1.05308056872038	0.991341991341991	0.982683982683983
32	0.977473719339229	1.11797096612715	1.08881578947368	1.20723684210526
64	1.03988166977101	1.17618056316424	0.992970123022847	1.01933216168717
128	0.97964729690662	0.988435964151489	1.01646542261251	1.21514818880351
256	0.984991551535633	1.06089520591061	1.0	1.28340323547034
512	0.968478024823347	0.799492173796836	1.08027454491197	1.06953148313936
1024	0.941526350317078	0.703608134703696	1.02289826627413	1.21360811252862
2048	0.989750332101978	0.660673666587811	0.97767682305945	1.10370486410276
4096	0.99243045929849	0.483103580647905	1.03135448095898	1.10026094756585
8192	1.00646037552153	0.444303227776745	1.01052390757264	1.02604285823229
16384	0.994634385469279	0.420498529363932	1.00587359052683	1.07295319983407
32768	1.00123558484349	0.420180469222285	0.983417881326753	1.03227361413979
64018	0.999297207531805	0.413795475851163	0.986445679693625	1.0377000997094
95268	1.00001462485166	0.408979698716117	0.996635450235758	1.03499769584151
126518	0.99851567051566	0.404813650145889	0.990803452375795	1.07704304879634
157768	0.997658451767468	0.406383214764126	1.00968957508495	1.04410773295508
189018	0.999868177707089	0.403654362851223	1.00976983452514	1.06253211104038
220268	0.998492580780618	0.404161196482863	0.997390172352602	1.12501247726365
251518	1.00022889277451	0.403725000634975	1.00703300471704	1.04957335009856
282768	1.0007858162798	0.406491909840538	1.02264881460655	1.07305402159685
