1	0.980511571254568	0.973812423873325	1.00900900900901	0.936936936936937
2	1.04094488188976	1.00524934383202	1.10377358490566	1.14150943396226
4	1.01558935361217	1.03003802281369	0.792857142857143	0.921428571428571
8	1.0143813538309	0.954872303496157	1.07692307692308	1.23076923076923
16	1.03551263001486	0.959583952451709	1.01098901098901	1.00549450549451
32	0.978215507887489	0.999332276103831	0.720430107526882	0.863799283154122
64	1.06175737127769	1.02102586670578	0.798387096774194	1.04569892473118
128	1.02512447338185	1.0153708668454	1.02314049586777	0.879338842975207
256	1.02699415273239	0.715945894456087	1.19640179910045	1.34632683658171
512	1.05918249747305	0.489830812684798	0.769287833827893	1.16023738872404
1024	0.970234423195558	0.508263255300497	1.36494073611978	1.6044915782907
2048	1.38460346399271	0.56028258887876	1.40540540540541	1.31945059813912
4096	1.3139133330996	0.831469340532202	1.4711137581894	1.42763549731983
8192	1.00319252083021	0.654017452447205	1.00536193029491	1.22949061662198
16384	0.88737112086566	0.564860657411188	1.07127250026012	1.45375091041515
32768	1.00331906885618	0.750012889587791	0.680420816625706	1.06286379511059
65536	0.830294123242585	0.799245667104237	0.828766258365955	0.952822326051269
131072	1.12960400635589	1.21352948527968	0.970354876943457	1.21034651049292
262144	0.974780448347585	1.15987404668361	1.02013359362399	1.01603457193866
524288	0.996327873492058	1.23437046732939	1.01175974117316	1.01278277215821
1048576	1.03364469202946	1.42709295878765	1.02752475374925	1.01101968075866
2048576	0.994551013064515	1.26486500848191	1.00104274248575	1.02140907630671
3048576	1.01163851742694	1.32293447252989	1.00806683038424	1.00716703930742
4048576	1.01388092875876	1.35625758519647	1.00111042757526	1.00988435516703
5048576	1.01928599557951	1.36382985750236	1.00986130665955	1.01039437942749
6048576	1.00321318606968	1.42178659801871	1.00082941602337	1.00219928733488
7048576	1.00295807766044	1.4352165739916	1.00342987686647	1.00979635190936
8048576	1.00902497719297	1.3177956464618	1.01371813056284	1.02284744260507
9048576	1.01006357818146	1.31313074165163	1.01750950070407	1.01356486048265
