1	1.06352377147423	0.966839792249301	1.03418803418803	1.03418803418803
2	1.00269541778976	1.0266846361186	1.00709219858156	0.914893617021276
4	1.06908344733242	0.996922024623803	1.0	1.14685314685315
8	1.02891918208374	1.03388510223953	1.01960784313726	1.13235294117647
16	0.950062273886483	0.963999762766147	1.38461538461538	1.28461538461538
32	0.918647472380315	0.946811181787747	1.11568123393316	1.18508997429306
64	1.2733162156824	1.22366186055698	1.57451923076923	1.24038461538462
128	0.948145584587876	0.885274268904655	1.57570422535211	1.71478873239437
256	1.03549767266914	0.986694249847196	1.1824480369515	1.28752886836028
512	0.989690721649485	1.09815857297884	1.20644666155027	1.40138142747506
1024	1.01590060787032	0.772453876506345	0.891207663359562	1.26103318508382
2048	0.994957480733457	0.698478607494021	0.977678571428571	1.36708603896104
4096	0.974995476750497	0.975986973041433	0.885983263598326	1.12866108786611
8192	0.994610041477415	0.914987568259729	1.07028805696407	1.30084151472651
16384	0.995116259558219	0.888003714998722	1.17759663722344	1.07026612513846
32768	1.00636787172729	0.884481321156704	1.08190897513238	1.06715150702683
65536	1.00309778362628	0.873767963329725	1.03762210861973	1.03403856860859
131072	1.00262060331427	1.00855577324516	1.00362924797933	1.00144591552961
262144	1.00352946429782	1.00542467318934	1.0195838050802	1.01426899066602
512144	1.00174799014707	0.873846010491823	1.01748666834596	1.00896458355167
762144	1.00099421179356	1.00114803736286	1.01086287186578	1.01426029618465
1012144	1.00057300748357	0.873282127534725	1.01626671163825	1.0248995597998
1262144	1.00088332507381	0.872999381579145	1.01084948566924	1.01477127650506
1512144	1.00195105295083	1.00172435147658	1.03564039955046	1.01560051002152
1762144	1.00029676291858	1.00125603444266	1.00880081358952	1.01610646034048
2012144	1.00014256789283	0.873535093442422	1.00650165387585	1.03216766175216
2262144	1.00068647455137	0.872688251866779	1.00302558739314	1.00687975598333
