1	1.05426829268293	1.05914634146341	0.910569105691057	0.991869918699187
2	1.10483870967742	1.13608870967742	0.974789915966387	1.0
4	0.942801429964251	0.87812804679883	0.916030534351145	1.01526717557252
8	1.05404198302814	1.07146047342564	1.01898734177215	1.29746835443038
16	0.920542405138575	0.916736053288926	1.01058201058201	1.29100529100529
32	0.942851557409097	1.01166427733611	0.95859872611465	0.961783439490446
64	1.01800930898675	0.98532044396706	0.966265060240964	1.09879518072289
128	0.993714369244262	0.93939117088145	0.992227979274611	1.12564766839378
256	0.986074364213282	0.454941764667112	0.636741973840666	1.01070154577883
512	1.01758573802689	0.332114619529637	0.926837725381415	0.893550624133148
1024	1.01250405529498	0.251255079428795	0.836543335022808	0.934617334009123
2048	1.06201587722044	0.201910403673112	0.891287487073423	1.27869700103413
4096	0.983379849525309	0.181479950860785	0.896414130666099	0.861832304745691
8192	1.04855891217866	0.210041441317364	0.908734427594822	0.970711732657806
16384	1.00345940694474	0.238981345788074	0.987039798141989	0.953664411056314
32768	0.967589030479004	0.256213834146743	0.880730384407864	0.861013034465133
65536	1.00494642424242	0.314260848484848	1.00452946954313	0.995048119252281
131072	1.02859168454331	0.406175790034753	1.0261715344512	1.0134719941979
262144	1.01200279291139	0.413183334454341	1.01294185753302	0.998399433645751
512144	0.996012439249113	0.413050461768804	1.01252000393811	1.00669600679507
762144	1.00171703889894	0.417693362617919	0.999972623147823	0.997011837015384
1012144	1.00421833964477	0.415753852166925	1.01253988402548	1.0062728803473
1262144	0.99621213171102	0.414796220658497	1.00153466274772	1.00100777176567
1512144	1.00364011116077	0.415028726262792	1.00514390013417	1.00590130202573
1762144	1.00210348063415	0.415240592697941	1.00412099423736	1.00821943930331
2012144	0.999266413668609	0.410828891784007	1.00340029679395	1.00146808343623
2262144	0.99812538478272	0.411390503827873	1.00541864875305	1.01255561923314
