1	0.940322580645161	0.904301075268817	0.937007874015748	1.01574803149606
2	1.00376647834275	1.09227871939736	0.972972972972973	1.09009009009009
4	1.05558949297495	0.981368356750153	1.14285714285714	1.67857142857143
8	1.04995954692557	1.06897249190939	0.987878787878788	1.18181818181818
16	1.02569986232217	0.853143643873337	0.817796610169492	0.817796610169492
32	1.01384673748103	0.943917551846232	1.06104651162791	1.09593023255814
64	1.02214110262009	0.994132096069869	1.16793893129771	1.66666666666667
128	1.04352728509298	0.536556118339806	1.65557404326123	1.62728785357737
256	1.02246676256883	0.348344771346631	0.85240726124704	1.53512233622731
512	0.989951678908958	0.267411478511578	0.792279411764706	1.39292279411765
1024	1.04732340468065	0.190087530164351	1.38382581648523	1.76454121306376
2048	0.9457856314015	0.164390070079582	1.03975761158735	1.0135973987585
4096	1.04288433125485	0.22036598802995	0.782473101512553	0.897136025780966
8192	1.08161125991939	0.290356597491676	1.20682624474983	1.14676018431676
16384	1.00610273681457	0.302963084066311	0.953604777603259	0.856844503512436
32768	0.980500221799526	0.344259572797856	1.15033188943252	1.03784266674977
65536	1.04534301752391	0.484274662711277	1.01971149121491	1.02726299401569
131072	1.04066851758187	0.608851234724269	1.02147082898329	1.00807759985492
262144	1.02572597752843	0.727467532958284	0.998661594397901	0.993532027488883
512144	0.961209636620554	0.79261901854404	1.00223954720072	1.00612697083515
762144	1.00572398597902	0.883676998378069	1.01686251180211	1.00276479964595
1012144	0.994932707829939	0.900529164339403	1.00161253210219	1.00954066030313
1262144	0.999134452175673	0.928993229242777	1.00850534617502	1.00380993210229
1512144	1.00059151173458	0.942935396430992	1.00836985027452	1.00417376809172
1762144	0.998349121402888	0.95791711907916	0.998147571805574	1.00716883316209
2012144	1.00473705711056	0.98651883155133	1.00558873446919	1.01589012559308
2262144	0.991557714082592	0.973496614099167	1.00509201232314	1.01014255602821
