1	0.798085291557876	1.16536118363795	0.959677419354839	1.03225806451613
2	0.956157072054899	0.921463972550515	0.806201550387597	0.992248062015504
4	1.15506807866868	1.10400907715582	0.992753623188406	1.11594202898551
8	0.96844118584635	0.957284029327383	1.07534246575342	1.17808219178082
16	1.02379619260918	1.03499440089586	1.08173076923077	1.12019230769231
32	1.00905660377358	1.02817610062893	0.886297376093294	1.04081632653061
64	0.966811279826464	0.975921908893709	0.983576642335766	0.978102189781022
128	0.915490646537578	0.968821791926485	0.883603238866397	0.988866396761134
256	1.05556343019135	1.10219702338767	1.03039158386908	1.1531268264173
512	0.990806945863126	1.04290091930541	0.986641221374046	1.21246819338422
1024	0.938425522648084	0.891496080139373	0.973454245671888	1.18252267106348
2048	1.00013676148796	0.926182986870897	1.06246215070508	1.20070940392768
4096	1.01059998779272	0.955768956887957	0.91819469583694	1.04946092704808
8192	0.995686636354541	0.927206430024568	0.963651850091118	1.04266698359876
16384	1.00444970583161	0.902094574095336	0.992270675199682	1.03910304112715
32768	0.99072865537928	0.892589052092334	1.00476452629998	1.08007607226866
64018	0.995884450372917	0.88995594261638	0.988319089757245	1.04774079888542
95268	0.977079326923077	0.88279173951049	0.969672414999002	1.06496940458786
126518	0.986405293537567	0.881851607334988	0.987646935970854	1.04706850007348
157768	0.983485852109104	0.856229810506168	0.993196423121025	1.04460580912863
189018	0.996457109466524	0.859510916584642	0.981433964361967	1.05990313070579
220268	0.98923831287813	0.848216656042777	0.981780937498143	1.05965573176311
251518	0.952158503967757	0.848300942060843	0.950604580808411	1.00796459350694
282768	0.993633645953225	0.866866090048203	1.00713033178778	1.05753318600049
