1	1.05712614544746	1.02593098069799	1.00396825396825	0.865079365079365
2	1.0291959157626	1.01738991703893	1.036	0.956
4	1.00621336459555	0.98651817116061	0.948275862068966	1.01034482758621
8	1.04679191775966	1.00744416873449	0.892761394101877	1.10187667560322
16	0.960960960960961	1.01299125212169	0.985542168674699	1.11807228915663
32	1.01951380850008	1.07612590265145	1.19391634980989	1.11026615969582
64	0.96606291706387	0.89628217349857	1.03916083916084	0.886713286713287
128	1.1662492019056	1.13270468051667	0.909262759924386	0.862003780718336
256	1.02279995016404	1.10544457826322	1.00160384923817	1.06014434643144
512	1.00701315835156	1.03159393118772	0.984907769703745	1.05030743432085
1024	1.07244137183137	0.937264470652026	1.00197758734344	1.0708635464733
2048	1.01790106831852	1.0641888858964	1.06413083425211	1.1313855200294
4096	0.978383089997821	1.07511440400959	1.05665872385491	1.13326273056217
8192	1.01949566900797	1.05122111637835	0.986128266033254	1.01510688836105
16384	1.00809450155175	1.04311165601542	0.808230318802863	0.847003090435914
32768	0.994770880643796	0.911300113113381	0.992351057014734	1.11730941704036
65536	0.994937845492707	1.01613115205251	1.00614480363345	1.02374665266637
131072	1.00374643031352	1.00018774821617	1.04900093219309	1.02533943987355
262144	1.00315325084015	0.997576492451668	1.00691096507713	1.12190687494066
524288	1.00231320180558	0.889405215744705	1.10508043537345	1.09482702835622
1024288	1.00181574910272	0.995882295468048	1.09893293381304	1.0384729981015
1524288	0.996791885006849	0.998638003650876	0.972670070022289	1.01830105943602
2024288	0.997787203175069	1.00114033665385	1.12311232139091	1.1524021732397
2524288	1.0077215069752	0.787349065736068	0.958068381100263	0.992802983787438
3024288	0.99837146037758	0.997904119808327	0.975524827498351	0.979799509997061
3524288	1.00623598824374	1.00724787806796	1.10416492260602	1.02025457593663
4024288	0.999097240999688	0.997498690393932	0.973676439175688	1.07583416719719
4524288	0.993746348322243	0.880165146376247	0.976414031741458	1.00310454433356
