1	1.0905081898362	1.08882822343553	1.12053571428571	1.00446428571429
2	0.996505242136795	1.02695956065901	1.05836575875486	0.929961089494163
4	1.02864920922997	1.01179673321234	0.842565597667638	0.915451895043732
8	1.09707903780069	1.02987781596029	1.19540229885058	1.06034482758621
16	1.05720550129559	0.937147033419706	0.920770877944325	0.88865096359743
32	1.0165091777995	1.03627674595417	1.21176470588235	1.18039215686274
64	0.976830087306917	0.913508586779238	0.989280245022971	1.09188361408882
128	1.03539138422859	1.00551177295363	1.06593406593407	1.07252747252747
256	1.0788723325975	1.07408940397351	0.910983488872936	0.890165111270639
512	0.945120179334966	1.0520154427332	0.935584415584416	1.03428571428571
1024	0.944117027994106	1.11941345681611	0.858939311098961	1.07490431930016
2048	0.948463796761911	1.14257477545563	0.981091687477703	1.08508740635034
4096	0.985594087312358	1.26143599807921	1.11219813150009	1.09906575004407
8192	1.03686582389628	1.1337499838591	0.999320223355183	1.06967710609371
16384	0.997037128483689	1.07392518749421	1.00867756013397	1.11628438039176
32768	0.98746206021147	1.04179313262843	0.939074949433996	0.947064936806464
65536	1.00635813568645	1.03925357197336	0.947608991862592	0.870268333595713
131072	1.00361075544174	0.992095215923641	1.0870599619798	1.07241016009711
262144	1.00775914910257	1.01350548964147	0.997866991109896	0.984871294346243
524288	1.00359879956001	0.992394632945849	1.05268066520566	1.09756055436364
1024288	0.994939218318822	1.06363899208982	1.01061737441205	0.947810110824177
1524288	1.01020255441966	1.0127244149732	0.929856056068432	0.980640361852833
2024288	1.01445666472817	1.06589701816773	0.997384321011937	1.0666395821279
2524288	1.01678581785677	1.01235983913573	1.08513733683838	1.00674814051802
3024288	1.00318426075497	1.00813371584486	1.04132910121487	1.00428616088135
3524288	1.01034262664983	1.01482913919465	0.983128582608603	0.981264323665305
4024288	1.00940183694966	1.05323788884562	1.06117278289074	0.973613169194091
4524288	0.999058062754848	1.01603442048045	0.981208524055471	0.973766116526358
