1	1.11471103327496	1.05210157618214	1.08035714285714	1.13392857142857
2	1.0954095409541	1.14266426642664	1.07874015748031	1.15748031496063
4	0.984667165295438	0.99588631264024	0.857142857142857	0.922077922077922
8	1.04792696842906	1.05895777862305	0.867647058823529	0.862745098039216
16	0.830577313606034	0.896141572381781	1.73762376237624	1.15841584158416
32	0.93854748603352	0.962490023942538	0.934718100890208	1.1186943620178
64	1.04619742863369	1.10655916321639	1.07930367504836	1.13346228239845
128	1.01576501825423	1.24444075672088	0.996861924686193	1.09100418410042
256	0.9784581738655	1.09141607435757	0.993150684931507	1.12785388127854
512	1.01867177347651	1.32186580945216	1.02415458937198	1.23349436392915
1024	0.970769230769231	1.25124542124542	1.07248819959541	1.09726904922454
2048	0.986711428171772	0.98733089542993	0.952646458300613	1.05811214072562
4096	0.988627699444808	1.03859494636011	0.952175329965781	1.12897181033078
8192	0.968247469578073	1.04188559081087	0.972962343918985	1.03592567102546
16384	0.976968448374697	0.975234171082381	0.950841204535358	1.03381236599641
32768	0.981310390075152	0.947858761779793	0.97760251602758	1.03577113826055
64018	0.983447336728509	0.961818439426021	0.964520774627674	1.03119126834175
95268	0.993971338959298	0.949340076351616	0.990842963400902	1.05162730057943
126518	1.00337360769252	0.957570224030093	1.00232222985216	1.02852659886676
157768	0.995141783012896	0.954412616957377	0.98089294018583	1.04274231051665
189018	0.993127733318866	0.950978630732148	0.972202215946873	1.06776082281924
220268	0.99557846588955	0.958403655865813	0.994998413551171	1.04241800065836
251518	0.993867489637858	0.955614746645438	0.971859373538065	1.0246781143766
282768	0.995506632982872	0.951596825823511	1.03883005108301	1.07087514105119
