1	0.997792494481236	1.05132450331126	0.861788617886179	0.959349593495935
2	0.983029801324503	0.922185430463576	0.934426229508197	0.868852459016394
4	1.02698760029176	1.08460977388767	0.867768595041322	1.04132231404959
8	0.978408539543911	1.02862688015526	0.90566037735849	0.993710691823899
16	1.05237887385421	1.02982685872254	0.893518518518518	0.875
32	1.0445133707771	1.04417805348311	1.00793650793651	1.13492063492064
64	0.990851706156802	0.765026072637453	1.02040816326531	1.1399416909621
128	1.10339973439575	1.06555112881806	0.995341614906832	0.902173913043478
256	0.923233132563408	0.996560203348621	1.13275613275613	1.19047619047619
512	0.924110297208583	0.520843954314131	1.0288	1.2032
1024	1.41001135839279	0.566295744152202	0.784854563691073	1.24924774322969
2048	0.868474968822377	0.408484131225981	1.07419064748201	1.63579136690647
4096	1.03195104336919	0.778220380858261	1.44655828433068	1.92355586302318
8192	0.959541591552923	0.706245171259336	1.03096797027075	1.41001592638471
16384	0.774831237187396	0.625780484029104	0.908994240141781	1.17917589720868
32768	1.20361165634909	0.88762796315869	1.11547602404585	0.9989281886388
65536	1.06590050316189	0.853366485893847	1.07646998036582	0.983440115738349
131072	0.94537844549426	0.915285416475886	0.821294259561484	0.942441874216514
262144	1.0492266155368	1.00602481063429	1.14687463865577	1.11404176074295
524288	0.993288382396425	0.999154625083011	1.00409018633352	1.02965764280893
1048576	1.00483187448884	1.00887734464518	1.01967463259377	1.01028686071573
2048576	1.02185863004794	1.02024033649525	1.00710264315489	1.00359335100996
3048576	1.00986997865466	1.03018670076344	1.01157390847111	1.01209794249576
4048576	1.00784632415319	1.02973851792192	1.00552311498946	1.01997495555949
5048576	1.01020926763036	1.03361503116034	1.01242812452557	1.01651006923226
6048576	1.00375178162602	1.02535502131396	1.02313432291942	1.02495039619276
7048576	1.00632698235718	1.02783760739818	1.00422445079033	1.01052481976479
8048576	1.00391893557732	1.02542056313636	1.00294027412792	1.00448930897047
9048576	1.00476126021506	1.02464662902367	1.0071934606884	1.01618089770854
