1	1.09681227863046	1.1038961038961	0.96	0.944
2	0.953257790368272	0.805004721435316	1.0	0.955555555555555
4	0.944734876773712	1.04854368932039	0.954545454545455	0.909090909090909
8	1.07464788732394	1.16525821596244	1.20138888888889	0.902777777777778
16	1.09745870393901	1.04726810673443	1.11042944785276	1.29447852760736
32	1.06792746847995	0.831633375832271	0.917241379310345	1.09655172413793
64	1.00089218800186	0.937618214910246	0.678200692041523	0.731833910034602
128	0.98994233859533	0.599584081671236	1.46967071057192	1.24090121317158
256	0.981259802681508	0.52908676954212	0.996569468267582	1.11492281303602
512	0.967164584323164	0.259832611953156	1.10477299185099	1.52386495925495
1024	0.994111407775868	0.212351746128857	0.803017602682313	1.28918692372171
2048	0.954250018348923	0.25166839282462	0.822934495098802	1.16555157927493
4096	0.968175839318523	0.28194682228161	0.840297485076818	1.1644975046482
8192	1.02544400793087	0.346121077294457	1.08909745435845	1.21631524813577
16384	0.965410748656003	0.378542510121458	1.21329901979336	1.1342391098664
32768	1.09331537968785	0.451716583901855	1.01176017855768	0.95763872854614
65536	1.03354357557383	0.552827912106986	1.04264026506536	1.11400643775135
131072	1.02468617725145	0.65427322092506	1.00623100644381	1.01690846505932
262144	1.01090789914697	0.781163097429257	1.03366077095545	1.04930625013509
512144	1.03654821196213	0.816500650603491	1.03119585451331	1.0336765420987
762144	1.00827936343767	0.808383357763192	1.02296532053598	1.04233070143513
1012144	0.997961497474741	0.818843027960803	1.02077819494881	1.06349172154859
1262144	1.00200765013447	0.832226790645465	1.01892234195284	1.03619201636991
1512144	1.00243890305458	0.819224304171032	1.0056601192935	1.03599097219758
1762144	0.991866767427265	0.819073311217236	1.01573666355985	1.02460317366801
2012144	1.00269811595113	0.835086519002487	1.00756973801557	1.02700130154178
2262144	0.997139535659423	0.833003043085942	1.01762425721643	1.02536368400858
