1	1.07755200192377	1.28832511722977	0.954545454545455	1.19886363636364
2	0.994464944649446	1.05505923480287	0.864864864864865	0.962577962577962
4	1.13831700979412	0.987707375574655	1.09227467811159	1.13519313304721
8	1.04156358238496	1.01690582220023	0.853252647503782	0.925869894099849
16	1.06238140417457	1.05012650221379	0.902106567534077	0.985130111524163
32	1.10901822095795	1.08426232028908	1.33134920634921	1.10416666666667
64	1.15848488992206	1.20682346506222	1.05977011494253	1.02298850574713
128	1.03160587053164	1.14207417331466	0.791400348634515	0.963974433468913
256	0.978539522237328	1.29219265876869	1.1335386845443	1.03714441021924
512	0.956827860969913	1.26761917845858	0.893619047619048	1.00171428571429
1024	1.01600056555755	1.35722028466396	1.01800372113385	1.06024953485827
2048	0.972155894613299	1.08698584861117	0.928823878440781	1.02141217140056
4096	1.00362585513624	1.10459972263758	0.981587821154959	1.09170817049254
8192	1.02644146669421	1.06246390800916	0.866838456347015	0.937493097736057
16384	1.0079978462286	1.14064740091885	1.08354783835738	1.07464774836991
32768	1.00957400865935	1.11460794844254	0.974828630239625	1.0525181118548
65536	1.0201881579038	1.12394603322622	0.935015944442359	1.01218665038971
128036	1.0184795982938	1.01585760991844	0.963176307036915	0.888837474170181
190536	1.01430424059349	1.01475598026137	0.935790884374889	1.01550768754671
253036	1.02350253699916	1.03118548148684	1.06061376564593	1.03692267839667
315536	0.998750198063341	1.01109641337704	0.946006452826898	0.797136549868445
378036	0.995459811241381	1.00620900156781	0.85369127415309	0.958378672235054
440536	1.00452651448485	1.01306719566118	1.0280584645299	1.15348672774946
503036	1.0258782170559	1.01285587783205	1.00571789277683	1.01015429507609
565536	1.01696760956233	1.11384319360347	1.0693877233707	1.11324778321067
