1	1.04904811028791	1.04782894119854	0.992146596858639	0.960732984293194
2	1.02053915275995	1.04892312081016	1.07894736842105	0.954545454545455
4	0.997502341554792	1.0279113331252	0.909574468085106	0.859929078014185
8	1.00228564730704	0.99109183613667	1.19223985890653	1.10934744268078
16	1.10130458749311	1.17621118392846	0.953846153846154	0.964102564102564
32	1.03418541762335	1.05964590030104	0.887489504617968	1.11586901763224
64	0.989005579258287	1.04582376107647	0.829417773237998	0.974974463738509
128	1.00602882532107	1.09658680566458	0.839725243274184	0.901831711505438
256	1.00775275454526	1.10744306570881	1.13938541875879	1.15344446676039
512	1.02083704136896	1.00007627959012	0.982836044306955	1.07883444765991
1024	1.02043565654982	1.0813006971075	0.913218278093744	0.965483428123161
2048	1.00462008883069	1.03065551695149	1.17141283393005	1.02296887909667
4096	1.00874727254374	1.02542649262713	1.0131422208411	0.939053760099441
8192	0.9997445633753	0.814791745467228	1.00704579444072	1.02972384095715
16384	1.00897048429342	1.01148844496475	0.968479713851469	1.09841544030129
32768	1.00241622181866	0.999656181879786	0.990233069920976	1.01786269214098
65536	1.001152067218	1.00513026791469	1.11968450580924	1.13067377117833
128036	0.994052071684967	1.00192383294009	1.01231484689486	1.06120491050859
190536	1.00618081835507	1.01284824341502	1.08744225127639	1.05960482504467
253036	0.995545391438178	0.999967747267327	1.06477087331971	0.968320286324848
315536	1.0065318077947	1.00793078535923	1.02386301515485	1.07163492245897
378036	1.00247150195166	0.999829256716867	1.12748848073801	1.07696961711178
440536	1.00176603972297	1.00811480663754	0.941306563342822	1.00357314145176
503036	1.00156089922389	1.00441233482115	1.14964793245929	0.982060047420894
565536	0.997398826805884	0.900897997994859	1.04307934870314	1.07958229133231
