1	1.03588235294118	1.00470588235294	1.07563025210084	1.05042016806723
2	0.973913043478261	0.931014492753623	0.966666666666667	1.05
4	0.986629783310281	0.949285384970032	1.34375	0.953125
8	1.11098265895954	1.06127167630058	1.07377049180328	1.30327868852459
16	0.990430622009569	0.923976608187135	1.10062893081761	0.911949685534591
32	0.934217236104029	1.05609382967874	0.960526315789474	1.17105263157895
64	0.977730395640843	1.05685856432125	1.08	1.06285714285714
128	1.03193277310924	0.846498599439776	0.905882352941176	1.09019607843137
256	0.967792061025569	0.999152422658568	0.937908496732026	1.40522875816993
512	0.965059790732436	0.903307174887892	0.878648233486943	1.11981566820276
1024	1.10922158762754	1.07873965218507	1.17329910141207	1.63671373555841
2048	0.867885067087101	0.957044949966215	0.947488584474886	1.33219178082192
4096	0.894217087878583	1.01522799647673	1.06191432396252	1.29149933065596
8192	0.968040717135128	1.00729056811408	0.959597547555416	1.02358119792485
16384	1.01437354525812	1.00606934540093	1.10382046901693	0.951700574623389
32768	0.999332530835925	0.997944655298209	1.02035990097181	1.09961940656986
65536	0.997700311492808	1.00226749286809	1.07684658595304	1.09891490178291
131072	1.00147697165761	1.00332289341207	1.0336461591936	1.04140887498552
262144	0.998071076496766	1.00054577153844	1.01999677894177	1.02892959740518
524288	0.998626982311798	0.997482825481946	1.00467923280423	1.0035677542622
1024288	1.00303423085062	1.00248397976775	1.03578756615786	1.02272378614712
1524288	0.998234978019766	0.999273235220936	1.00506125375685	1.01251900671783
2024288	1.00040550253978	1.00020609981115	1.01281729710466	1.01643780826641
2524288	1.00040811719526	0.999239193907624	1.02898880654516	1.0264535069245
3024288	0.999974771833724	1.00153170640267	1.03056018320548	1.03440476845943
3524288	0.99990797013459	0.999745958532527	1.00433840257594	0.995128162389436
4024288	1.00026437014711	1.00108702338424	1.01953165683001	1.02192460979404
4524288	0.999718216395381	0.999329538642856	1.02320429264993	1.00835320448712
