1	1.01441753171857	0.964244521337947	0.908333333333333	0.933333333333333
2	1.1641876430206	1.07265446224256	1.00826446280992	0.942148760330579
4	1.01822033898305	0.988559322033898	1.10569105691057	1.0
8	0.887481590574374	0.92459499263623	1.13432835820896	1.13432835820896
16	1.02492917847025	1.06968838526912	0.925925925925926	0.765432098765432
32	1.01184522242695	1.06027902079495	0.816753926701571	0.853403141361257
64	1.07861476238625	1.00455005055612	1.03045685279188	0.939086294416243
128	1.00640883977901	1.0185635359116	1.07729468599034	1.24154589371981
256	0.883236531143601	1.06308832365311	1.23248407643312	1.53821656050955
512	1.07801542776999	1.08432678821879	1.12890625	1.40625
1024	1.05716322166785	0.985887384176764	0.939011566771819	1.29022082018927
2048	1.06997487437186	1.06231155778894	0.930832356389214	1.22860492379836
4096	0.929981891868587	1.00094852116927	0.991539212495932	1.52847380410023
8192	0.909764096054163	0.924785782291336	1.13017255821746	1.07471938348132
16384	1.00154385964912	1.03887719298246	0.921050556037542	0.966322265162868
32768	1.01974570274157	1.04490149976031	0.982000493137175	0.999835620941892
65536	0.982207549736019	1.02910592628312	1.01314122862571	1.00835620294138
131072	0.989141080501929	0.981535892935786	1.02946973780542	1.0252459834107
262144	1.01046544831525	1.02118789263278	1.03222562708415	1.0169951629763
524288	1.00172529194092	0.981291707473651	1.01247733483033	1.01511793712237
1024288	1.01305004790329	1.00514264430028	1.01892072592171	1.01947421520624
1524288	1.01040828284259	1.00760741489547	1.00566676812006	1.02390880802161
2024288	1.00439132428939	1.00092319842634	1.01710135290658	1.02035344364594
2524288	1.04234904508408	1.04724009708791	1.05302684198082	1.05768219341441
3024288	0.992359295455281	1.00227502288257	1.01863067536841	1.0267338617026
3524288	1.00297370064577	1.00906953251718	1.01665926378243	1.01103628406166
4024288	0.995257930389631	1.00784534123803	1.00902886068754	1.01982410327348
4524288	1.00471737499658	1.00882019533486	1.02671746126669	1.0235467209497
