1	0.886965927528394	0.925365062195781	0.964912280701754	1.06140350877193
2	1.0814479638009	0.879336349924585	0.992125984251969	1.06299212598425
4	0.964429530201342	0.928523489932886	1.06666666666667	0.9
8	1.01431344007763	1.03978651140223	1.04430379746835	0.848101265822785
16	0.966401194624191	0.986684917869587	1.015625	1.26041666666667
32	1.02258886843223	0.954255771137233	1.1703056768559	1.29694323144105
64	0.989970645792564	0.797316186748672	1.30591259640103	1.45758354755784
128	0.942302338530067	0.710311108017817	0.954362416107383	1.42684563758389
256	0.993565683646113	0.457918422060513	1.49092741935484	1.54737903225806
512	1.03850213699537	0.270989641005474	1.09380428488709	1.59293572669369
1024	0.994358287540524	0.177945301542777	1.19154488517745	1.13465553235908
2048	0.959443940883672	0.184531125176673	1.20745131244708	1.20575783234547
4096	1.01535637080366	0.2217001525941	0.716841734934915	0.798361562044529
8192	1.00819709114072	0.254714953022984	0.916888250089831	0.960330578512397
16384	1.01985706364364	0.284566570143552	1.07709527393427	0.94442193018005
32768	1.03096115215103	0.353043257337126	1.05667156447409	1.04563541007518
65536	0.941622358056243	0.359654857640968	0.973459524351624	1.02709933144288
131072	0.972895083839378	0.442736863408776	0.997634890785477	1.00798736679686
262144	0.994909891235056	0.483285067524163	1.02425200562372	1.01494500680347
512144	1.00725797002053	0.482636121413902	1.00366902726448	1.0079841725378
762144	0.991184006664012	0.478651868640273	1.00319718513417	1.01632410916694
1012144	1.01269212530855	0.473153150602173	1.00353562454254	1.01016764653215
1262144	1.00715889887632	0.470840880868565	1.00748662810668	1.01072793201744
1512144	0.998697157627918	0.466547910167345	0.998097026155913	1.00398493009297
1762144	1.00239768090947	0.467258066479323	1.00298660681889	1.0048315984913
2012144	1.00027250491966	0.465054490442155	1.00640073291953	1.01338968426355
2262144	1.00628537826005	0.464364314955522	1.00737087799503	1.00470485680112
