1	0.997757847533632	1.00504484304933	1.34545454545455	1.13636363636364
2	0.97680690399137	1.09762675296656	1.00869565217391	1.02608695652174
4	1.0498192044998	1.02450783447168	0.870229007633588	0.992366412213741
8	0.987227248536455	1.02527940393826	0.931297709923664	1.03053435114504
16	1.02953173437755	1.02088432044379	0.988700564971751	0.915254237288135
32	0.989503707929264	1.05966913861951	1.0	1.03720930232558
64	0.979917340939519	1.01787065603353	1.25581395348837	0.963455149501661
128	1.07580786026201	1.0310480349345	0.988668555240793	1.43909348441926
256	0.937797265160523	1.11303507728894	1.00456621004566	1.52283105022831
512	0.908569599658603	0.803163257141333	0.696969696969697	1.15712682379349
1024	1.08484998760228	0.97453508554426	1.00609756097561	1.58536585365854
2048	0.985294357935328	0.97220633649777	1.01043705153294	1.39530332681018
4096	1.0118400621118	0.738593807088053	1.04370268410186	1.05987611837577
8192	0.997651485835524	0.8689769285171	0.887678838351484	1.10057655349135
16384	0.976907959974759	0.783412963129902	1.02827364452822	1.15622574564808
32768	1.00969680920457	0.4999133518053	0.983318168031544	1.49311495298756
65536	0.998434574573507	0.748996709186009	0.933118658795267	1.02394643359145
131072	1.00020947715524	0.74149854847659	0.884350730352903	0.978833849744477
262144	0.99618714781759	1.00571449832069	0.991924623165707	1.03976337499875
524288	1.00345664260236	0.736711215455176	1.00787847604122	1.00796108438797
1048576	1.00084441826319	1.00280583313701	1.01538736428324	1.00713312242274
2048576	1.00187441446752	0.731752609501023	1.00973476009632	1.00561845030073
3048576	1.00052917561146	0.731111228265603	1.00694533084533	1.00510931602268
4048576	0.999879440103305	0.730897465430586	0.998462673044358	1.0016337711759
5048576	1.00101659497252	1.00200142092423	1.0054312622434	1.00781099717739
6048576	1.00089017360582	0.86687130771446	1.00957980983375	1.01709749923983
7048576	1.00144544979034	0.73206831495058	1.01849608079744	1.02492079183809
8048576	1.00146122572536	0.866413282695942	1.01805059558735	1.01164817049746
9048576	1.00121741408753	0.731812766200264	1.00928521116577	1.00883646616464
