1	0.815384615384615	0.909664694280079	0.708333333333333	0.861111111111111
2	0.985826184259605	1.01678478179784	1.10169491525424	1.25423728813559
4	0.90628149143433	0.957675512260665	0.87248322147651	0.986577181208054
8	1.0889035232137	1.03226868620349	0.971098265895954	0.971098265895954
16	0.946227929373997	0.919743178170144	0.980582524271845	1.28155339805825
32	1.08050411522634	0.982510288065844	0.849056603773585	1.0188679245283
64	0.969586374695864	1.04278183292782	0.97887323943662	1.03697183098592
128	1.00372633775525	0.995975555224326	1.10421545667447	1.2903981264637
256	1.09162248144221	1.08356309650053	0.949101796407186	1.23353293413174
512	1.10765405550702	1.08883811571803	0.954117289577636	1.18535399574597
1024	1.0033650329188	1.01912948061448	0.954729839363946	1.20623073178647
2048	0.978681209717402	1.00141108271996	1.06317940335104	1.05165508786269
4096	1.00644305891893	1.02246304555067	1.0033312249631	1.12426734134514
8192	1.00249122667319	1.05229869694057	1.00494929985514	1.08407774022211
16384	0.975157710142881	1.03991596638655	0.989987221978198	1.09266062372719
32768	0.988386681776876	1.04015583540795	0.994916664248334	1.04243206902889
64018	0.993748970698152	1.04501612045049	0.977921687431937	1.05126423480126
95268	0.995326438887974	1.04247219962974	0.969415074108258	1.07126811987621
126518	0.989922097718273	1.04812287338341	0.97393186062987	1.06403555097572
157768	0.996918481989047	1.05060605155941	1.00582385788541	1.06641274231038
189018	0.997560836201905	1.04623225904198	0.975642156626257	1.06487039704474
220268	0.993435073428874	1.03767230727478	0.987685564049574	1.07725075054626
251518	0.993344495432658	1.04038348804634	0.986422777844861	1.05032479125199
282768	0.989074481058413	1.03845746111959	0.989972380473215	1.07906772187125
