1	1.01903981983826	1.12222335960692	1.11714285714286	0.994285714285714
2	1.17399892260729	1.09148859759382	0.985074626865672	1.11442786069652
4	0.933816577371573	0.814686416640403	0.858885017421603	1.01219512195122
8	0.964275486827033	0.834335624284078	0.9712	0.9632
16	1.03884684684685	0.983423423423423	1.04347826086957	1.30570652173913
32	1.08519511468573	1.20941316651772	1.11822660098522	1.43546798029557
64	1.01855086430163	0.898753237366741	0.848238482384824	0.953387533875339
128	0.944701583434836	1.08270401948843	1.03819558775107	0.987816924596642
256	1.00217391304348	1.18432007400555	1.10628594090819	1.04957366646837
512	1.10712532568063	1.41596495865272	1.23050372128142	1.10128357243016
1024	1.04517989563307	1.23761787054838	0.985035687915333	0.947181885306424
2048	1.03986409639942	1.20052979369718	0.930872313527181	1.00945638432364
4096	0.994114066917821	1.08566960192911	1.03248186237037	1.11719144394282
8192	1.00427230008039	1.03224737073288	0.936395320704379	1.01156745940927
16384	0.995884639889737	1.02873167158603	0.978861609272155	1.01378422207383
32768	1.00658858223718	1.01419352973424	0.990045612245039	1.04743013433404
65536	1.01481804871375	1.12430617571034	0.983413339091533	1.02532431399907
128036	1.01204820342653	1.02255548441036	0.976443212769534	0.911291948252688
190536	1.0002744729487	1.0176844363365	0.920281210035178	0.987376571554345
253036	1.00344898331222	1.00563983665539	1.05422988832385	1.04687375744216
315536	0.989350732531392	1.00622725217832	0.985965303649464	0.953355630212689
378036	1.00733176451633	1.09577102590602	1.14750638571886	1.01791106120976
440536	1.01137210582609	1.02337465202127	0.985300082432719	1.00789784150029
503036	1.03134680183834	1.04792285019892	1.00310806623061	0.989104117818274
565536	1.01219490535601	1.01442097121054	1.0374731116708	1.02071050996431
