1	1.24047004872456	1.04748256424955	1.17417417417417	1.06906906906907
2	1.11028623909383	1.10240318383591	1.1225	1.1325
4	1.00132175226586	0.973313192346425	1.06737588652482	0.914893617021277
8	1.03780110430192	1.06164674473636	1.4295652173913	0.977391304347826
16	1.03279250457038	1.03941956124314	0.896595208070618	0.987389659520807
32	1.03253532753848	0.981887048997232	0.900082576383155	1.08340214698596
64	1.00534714679589	1.05447405798312	1.20885286783042	1.04551122194514
128	1.06131911806454	1.06892092231019	0.985277880014722	1.06072874493927
256	1.01350682558667	1.12609807398853	1.03409090909091	1.12539872408293
512	1.04243817414808	1.10590597923561	1.0284387145701	1.01061712010617
1024	1.01004495644844	0.966697105928632	1.09196740395809	1.04302042544185
2048	0.997389791183295	1.02803557617943	0.941991983046953	0.970944928128271
4096	0.998705318036405	0.922338376997496	1.06325192908704	1.08915286113339
8192	0.995579579320851	0.909934051043865	0.92411159083361	1.00801548169532
16384	1.00301786774035	0.812208011256394	0.985981198382378	0.999543792934972
32768	0.995288063807666	1.00560470054978	1.01853823640562	1.04131484796743
65536	1.00548662378938	1.00335293676018	1.0717118059484	1.07916068509364
128036	0.996112802026669	0.905002306956649	0.989779840780384	1.0176331646415
190536	0.999331673384243	0.813364516740596	1.11999864759614	1.05843462683086
253036	0.995571303037154	0.99585550732659	1.1877766950649	1.10813601274128
315536	1.01392602754226	1.00992666262107	1.17575843606286	1.15401079980425
378036	1.00905852511235	1.00412327921524	0.980753950010224	1.06415932212144
440536	0.999283898251744	1.00283768705606	1.00616765867991	0.989937682954549
503036	1.00252157217992	0.905035116916547	0.954156277450779	1.00688392846853
565536	1.00253287198758	1.00195692506804	1.00202936677201	1.03777329721143
