1	0.948201913559881	0.9557901682613	0.965034965034965	0.895104895104895
2	1.03713058853246	0.964384945693357	1.10144927536232	0.971014492753623
4	1.0191174127768	0.985821252190537	1.03448275862069	0.931034482758621
8	1.1632379676586	0.954549803846522	0.919431279620853	1.24170616113744
16	0.97360959651036	1.03227917121047	0.591121495327103	0.843457943925234
32	1.03072406235785	0.893148079229211	0.908296943231441	0.823144104803493
64	1.00992936841028	0.914047838400382	1.01609657947686	1.09054325955734
128	0.967696993260757	0.938439606013478	0.781036168132942	0.793743890518084
256	1.03151452011981	0.985024091678604	0.764705882352941	1.40625
512	0.963712981388271	0.962835069647665	0.824364281490243	1.40508574807806
1024	0.982278762290984	1.13399255596911	0.769601100412655	1.13686382393398
2048	1.05847277869432	0.946995050671694	0.865790022959716	1.30432060112711
4096	1.04329086426564	1.06734134441322	1.18230743356879	1.00515752887095
8192	1.03593886209101	1.00761318068228	1.12076258909428	1.05447064959147
16384	1.0126887051948	1.06719441011095	1.12722223664063	1.09350912252472
32768	1.04387834946185	1.08268260355786	0.968496354381621	0.984144999312147
65536	1.01504475016514	1.08081620249318	1.02146646334915	1.01396555056807
131072	1.01682174858615	1.08354753641452	1.024571173926	1.0112884601654
262144	1.00838553186221	1.00833206706174	1.0053359635664	1.00628576995202
512144	1.00502478568226	1.14561687165945	1.01049706699599	1.02228231361318
762144	1.00050657152824	1.07753403582914	1.00911639477345	1.01212108707881
1012144	1.00256606964115	1.00625283275193	1.01661697307848	1.0200063060332
1262144	1.00428898093621	1.0740026466942	1.00882275322834	1.01164587107541
1512144	1.00007140410293	1.07380532951788	1.00533206763299	1.01055159232308
1762144	0.999563466508677	1.00069069146424	1.00408351287587	1.00465164747212
2012144	1.00286368496134	1.07592202781	1.01216718017868	1.00854795328101
2262144	1.00323320810651	1.00738466674773	1.00314238669354	1.004497511704
