1	0.967140319715808	0.820011841326229	0.864864864864865	0.885135135135135
2	0.982274741506647	0.991875923190547	1.04	1.064
4	1.07485572959604	1.08425391591096	1.45398773006135	0.957055214723926
8	0.964132125537561	0.918199286302498	1.22110552763819	0.924623115577889
16	0.972343687886876	0.952126753364757	0.874551971326165	0.978494623655914
32	0.908723448133636	0.917261290987832	0.925333333333333	1.056
64	0.975965017145374	0.886494478875012	1.00172117039587	1.1170395869191
128	0.960901773059129	0.859064530794534	0.997429305912596	1.31105398457584
256	1.02973019844907	0.998290513589178	0.952202436738519	1.3223992502343
512	0.980651865536239	0.930359911589087	0.893236444941308	0.886528787031861
1024	1.02537525641165	1.00700044498953	0.827	1.12633333333333
2048	1.01944974049359	0.930681336722805	1.04176533907427	1.33283100107643
4096	0.98933553539353	0.865077936697827	0.751075899843506	1.13595461658842
8192	1.00711893034671	0.880485855660287	0.993055163457738	1.00220202134267
16384	1.00679381310217	0.758097419387647	1.13045249606171	1.12034874246293
32768	1.0027171737835	0.87763922612677	1.00870922326389	1.01762580898643
65536	1.00065466464778	0.997975379719218	1.00134458503497	1.00137468768501
131072	1.0032478636768	0.998031107324913	1.00719006428333	1.03291804303296
262144	1.00620550304323	1.00176569831978	1.00606297017335	1.01388608029636
512144	1.00428881391003	0.874333502686299	1.00619536558282	1.01283710077436
762144	1.00305848966337	0.874098335493127	1.00297521235129	1.00821666259471
1012144	1.00371504752963	0.876522106789676	1.00731580550477	1.01116884643938
1262144	1.00457827104844	0.749742614642337	1.01430127087438	1.01499896139538
1512144	1.00322864055697	0.876073295861612	1.00708555528629	1.01043559276703
1762144	1.00349862600919	1.00342126170477	1.00499721058743	1.0083303024054
2012144	1.00345129045414	1.00315989102368	1.01433004128264	1.00904949161168
2262144	1.0026967408348	0.875924357362168	1.00444915138272	1.01226453398574
