1	0.976418570375829	0.997052321296979	0.976923076923077	0.930769230769231
2	1.0005382131324	0.984930032292788	0.852564102564103	0.794871794871795
4	0.941384294202666	0.966757668219046	0.887096774193548	1.05376344086022
8	1.04345220257717	1.10888023174508	1.17560975609756	1.06829268292683
16	1.04476773226773	1.08641358641359	1.11034482758621	0.986206896551724
32	1.09052220941573	1.11162337086621	1.58204334365325	1.24458204334365
64	1.09191020753918	0.809287281968349	1.09357798165138	1.18715596330275
128	0.955689351914491	0.921830604789609	0.780660377358491	1.16981132075472
256	0.995012775913555	0.862389557614753	1.17422434367542	1.3436754176611
512	1.15930814747383	1.1848324638493	0.901554404145078	1.16407599309154
1024	0.999445507222268	1.29565554908647	0.896591789310612	1.43377226955848
2048	1.03095271242285	1.28056986403081	0.991737606409614	1.65948923385078
4096	1.01968939194525	1.33349126963236	1.1078634247284	1.24547335747543
8192	1.02859444690937	1.29025290147818	1.05701505701506	1.08145908145908
16384	0.977187537220887	1.17409216066812	1.17629981525468	1.00453945632093
32768	0.991897150359468	1.10078537137072	0.967384191881586	1.00566348518694
65536	1.01442661060117	1.11742773874844	0.992199687987519	1.03982404194127
131072	0.998591432504298	1.07327757292985	1.02802170157607	1.0362378647394
262144	1.00494895153656	1.06256597184823	1.01117182122658	1.00846353771506
512144	1.00736737199886	1.01929067668801	1.00096395518419	1.01025309123468
762144	1.00434275478743	1.10882515559435	1.02157989930056	1.01049265699818
1012144	1.00445376920088	1.01121165166006	1.00023756232073	1.00367118854256
1262144	1.00508036938164	1.01175677705901	1.01133371491074	1.01023941816833
1512144	1.00766575995626	1.01213658486443	1.00613490944882	1.0060769869076
1762144	1.00347956534336	1.01151875866745	1.01289671164345	1.01347075900601
2012144	1.00098934900167	1.05792545729285	1.00761352022403	1.02515188790399
2262144	1.00495562174719	1.06224870970398	1.00867186905226	1.02660795799149
