1	1.06731212540341	1.03042876901798	1.1140350877193	0.921052631578947
2	0.95925569457812	0.920757138273982	1.048	0.824
4	0.982116557963391	0.939617083946981	1.05755395683453	0.877697841726619
8	1.07335761838965	1.03102625298329	1.15243902439024	1.17682926829268
16	0.946852594882589	0.901795698217457	1.39170506912442	1.2258064516129
32	1.01281271250134	0.877205540245517	1.25870646766169	1.0547263681592
64	1.006418628951	1.00617606448483	0.718614718614719	0.63961038961039
128	0.983934240689053	0.723995050786982	0.880677444187837	1.33487297921478
256	1.00900790782705	0.460152629565069	1.48221820373719	1.61603375527426
512	0.963548866332678	0.340631864209046	0.994784518254186	1.23140269009058
1024	0.994349309707917	0.187404126099615	1.27916941331575	1.35332893869479
2048	0.996219848884426	0.286766756986193	1.05258142758143	1.00355162855163
4096	0.970552244382619	0.33653585720179	0.98648045689809	1.01329644833125
8192	1.02579294429169	0.352342460406319	1.07345028216457	0.894789798328886
16384	0.973827299651806	0.418382154966664	0.961911845298677	0.948706907800308
32768	0.965350730618156	0.468991470874562	0.977650613941532	0.961201356414253
65536	0.960288302132617	0.616305941011646	1.02427966150086	1.06497417097785
131072	1.03404307192198	0.73123745819398	1.01170965481384	0.985511751098251
262144	0.990971515665293	0.864511720786121	1.01785934054784	1.01914923400246
512144	1.00072570043849	0.907925580349181	0.999052360632272	1.00369901873319
762144	1.00111215720147	0.941613992658173	1.01335340952342	1.01282750249452
1012144	1.00957838885361	0.964365082040664	1.00421393605741	1.0105404083688
1262144	1.00602593080116	0.967628445072654	1.00942718003052	1.01506478610379
1512144	1.01329277574449	0.966084867831862	1.00561584525169	1.00540164327216
1762144	1.00847998204685	0.969158319392009	1.01248814819278	1.00795784576765
2012144	0.997076991631032	0.969627331484675	1.00413860919199	1.00472508131603
2262144	1.00686818434661	0.969422205276477	1.00801561399255	1.0026438970179
