1	0.873352619736419	0.961266473802636	1.07407407407407	0.995884773662551
2	1.04273359335255	1.09021536374428	0.958015267175573	0.984732824427481
4	1.33796224059916	1.20814479638009	1.09554140127389	1.09235668789809
8	1.09352051835853	1.05043196544276	0.9501312335958	0.986876640419947
16	1.03232891756469	0.958610748850299	1.07818181818182	0.96
32	1.01537104699509	0.620805510058376	1.01925391095066	1.17689530685921
64	1.02881886325595	0.441258520728719	0.971086036671368	1.00423131170663
128	1.02157670351904	0.379391574535732	0.891794046661303	1.04465004022526
256	1.05259059886571	0.326876862443526	0.920211487623168	1.08747897140111
512	0.996792181112089	0.313492632254278	0.873299101412067	0.878177150192554
1024	1.00246441073512	0.333451575262544	1.17377865544775	1.03880827680948
2048	0.990528698638093	0.331807196829111	1.06647638339011	1.25545529877544
4096	1.01443249654341	0.352377348352304	0.996617220658066	0.91998991469513
8192	1.01227118255588	0.354403564990105	0.876490018670113	1.06961285160337
16384	0.98483434321138	0.352364549851459	1.10778286930017	1.04835525642862
32768	1.00123973142752	0.351422841712608	1.11814139480985	0.890714436211679
65536	1.00352013907868	0.347358648114331	1.03251140914086	0.812467367344843
128036	1.0077265176228	0.349866063902192	0.889688766478998	0.801951960962905
190536	1.00396954386184	0.350429658470896	0.821492729450018	0.741972577119859
253036	1.0047252983618	0.346256126180175	1.01908357117672	0.897661795273595
315536	1.00392265529799	0.353163296091035	1.1455639915281	0.960186091333721
378036	0.996204194039294	0.349058400639734	1.01985039875233	1.08375844586621
440536	1.00009062229047	0.350587242888631	1.17982182897562	0.963002286265357
503036	0.99860205919998	0.347590740032851	0.987003771864515	0.93612099189423
565536	0.997706688534301	0.350693669268654	1.28637872766633	1.0254019030015
