1	1.19037111334002	1.12798395185557	0.983870967741935	0.939516129032258
2	1.13315118397086	1.18633879781421	0.918604651162791	1.11240310077519
4	1.2598704503393	1.38078346699568	1.03194888178914	1.15654952076677
8	1.09907213409159	0.977352090192557	1.12332439678284	1.10723860589812
16	1.04010695187166	0.957486631016043	0.954044117647059	1.07536764705882
32	1.02482617586912	0.712351738241309	1.20549581839904	1.13381123058542
64	1.00141315206003	0.48595375581707	1.1763358778626	1.03664122137405
128	1.13354888113673	0.372857993703735	0.998623853211009	1.06192660550459
256	0.962616534559941	0.290361000451764	0.998138792874236	1.26136665780378
512	0.949808921139356	0.292799343988365	0.925052631578947	1.04589473684211
1024	0.99901505050869	0.312523272434627	1.11398033347584	1.03728088926892
2048	1.00387898236676	0.341400072782612	1.01999750550867	1.05271691680871
4096	1.03074793186202	0.364685807901975	1.10343664144214	1.1414180363426
8192	0.971015130120925	0.404316474444656	0.966065666695736	1.01952341501701
16384	1.03587236938835	0.440204387813427	0.951965467838008	0.989740778447803
32768	0.982471188457466	0.427431207201909	0.995163382189218	0.939040710686699
65536	1.01210047903615	0.426453085578159	1.0033361303366	0.896269097994605
128036	0.996024628035823	0.427859372508784	1.01060962857305	0.968077685948495
190536	0.998271172360579	0.43142101971512	1.06051871528216	0.954014173883698
253036	1.00207656328991	0.433762296726577	1.03251129367874	0.880991968486603
315536	0.999845224075628	0.437314708200225	0.938389790068423	0.899145792056804
378036	0.997209892851961	0.431069848651186	0.98510465724864	1.04137607154822
440536	0.983875366162573	0.426807716738649	0.9832980996802	1.01733788139284
503036	1.00273132249304	0.440194408125157	1.03203256712216	1.04933264119511
565536	1.01159611002648	0.438903350694403	1.05526497750701	1.09030039273
