1	1.02792064658339	0.966568699485672	1.0	1.0078125
2	1.0465899522874	1.03003087285995	1.22058823529412	1.05147058823529
4	0.882119625575123	0.978581627796288	1.1986301369863	0.979452054794521
8	1.07341970946211	0.93698468786808	0.871212121212121	0.814393939393939
16	1.00374376039933	0.944378416924174	0.914893617021277	0.887537993920973
32	1.02863859799102	0.842103013464415	1.15151515151515	1.16253443526171
64	0.873164439740706	0.877629316047096	1.28538812785388	1.73972602739726
128	0.991819751478955	1.02505024201081	0.976190476190476	1.58333333333333
256	0.930955576580343	0.910845123105019	1.0498177399757	1.66707168894289
512	1.00651521645949	0.954822117445349	0.892379290285049	1.10529377545084
1024	1.04322193736377	0.806828320702935	0.890727335401586	1.28955532574974
2048	1.01454873525579	1.04031810739466	0.960757549906159	1.29414775635557
4096	1.01869771838737	0.883314219133009	1.06349206349206	1.3203683509027
8192	0.992641687264139	0.868948980093947	0.89768492377188	1.19689440993789
16384	0.995185935107907	1.01300607437404	1.02824660103141	1.20935888420066
32768	0.994903658849682	0.997396637952317	0.952826518703548	0.939159722364407
65536	1.00282060308918	0.748997358896606	1.02818325012955	1.03395535214953
131072	1.00192495719284	0.874796138670373	1.01869976649871	1.02580803736021
262144	1.0029388597483	0.618227176185146	1.01345559509593	1.017308280874
512144	1.00017360864729	1.00104849313358	1.00325382470073	1.00827164560114
762144	1.00094534507795	0.873307263629507	1.0068615271142	1.00819781899694
1012144	1.00143001123437	1.00179067235197	1.01368041130969	1.04003651132352
1262144	1.00002036850275	1.00115811523195	1.010205065695	1.02335715916997
1512144	1.00043278776924	1.00078985473311	1.00230982368595	1.01116705482114
1762144	1.00024600646053	1.00080245319117	1.00871934320719	1.01332779724241
2012144	1.00083527408253	0.873725260607982	1.01351231346974	1.02566634821804
2262144	1.00034230184627	0.873197161922429	1.01200726456479	1.0159220609324
