1	1.01412020275163	0.969225199131064	0.969924812030075	0.872180451127819
2	1.01955803911608	0.924053848107696	0.87741935483871	0.845161290322581
4	1.03697774931967	0.959340483432047	0.946428571428572	1.01785714285714
8	1.02849113286171	0.988370966178893	0.973451327433628	0.911504424778761
16	1.03245132301548	0.974288567149276	0.851851851851852	1.07407407407407
32	0.993340096149605	0.982049133330393	0.958702064896755	1.40412979351032
64	0.935544357201453	0.953865385366616	1.15638766519824	1.5726872246696
128	1.1098884066956	1.01274798512089	0.817762399077278	0.85121107266436
256	1.06926006335196	1.08641491974232	0.743970315398887	1.42300556586271
512	0.986052588600359	1.02443246774457	1.04484304932735	1.59513132607303
1024	0.851562284167196	0.930684863386468	1.03073286052009	1.12191827085444
2048	1.05652114783082	1.04667482660139	1.03206106870229	1.49749182115594
4096	0.989670540214086	1.05979007872048	1.02312827849309	1.1531950405341
8192	0.981356058907079	1.05723256335501	1.05183544303797	1.35569620253165
16384	0.964414473315525	1.05149160331011	0.956068907645985	1.0202379189496
32768	0.994116042551533	1.14048574657233	1.07379731770953	1.04488030393189
65536	0.993663981595226	1.00981817158826	1.02932943501448	1.01233384769485
131072	1.02569907356023	1.21544947671496	1.00971897559932	1.01917002799675
262144	1.01604943359486	1.02708476072237	1.01050213523606	1.01172712156109
512144	0.996441004116354	1.12926347778975	0.991723898306338	1.01167858119747
762144	1.00427811948984	1.22335351356058	1.01549537589002	1.01284983419501
1012144	1.00714523936125	1.01437552737656	1.01020437188452	1.01341103577835
1262144	1.01059439866043	1.01374334425291	1.0077244988918	1.01418247802982
1512144	1.00841715297368	1.01123035763993	1.01866300411526	1.01903680915252
1762144	0.993862651647873	0.9928167611102	1.00120833694678	1.00774181192727
2012144	1.00970656643839	1.12283015935199	1.00670012195418	1.01715868504468
2262144	1.01491858005913	1.01753459378612	1.00802761768031	1.01520412196231
