1	1.05624591236102	1.01291693917593	1.02448979591837	1.11428571428571
2	0.943847072879331	0.972919155714855	1.2890625	1.0703125
4	1.00617624352046	1.0747766626227	0.973770491803279	0.983606557377049
8	0.943505378287987	0.987797161710205	0.957547169811321	0.992924528301887
16	1.04389553178099	0.978917558212713	1.03564727954972	0.849906191369606
32	1.02981138107417	1.07384910485933	1.11821705426357	1.02325581395349
64	0.926883971291866	0.944228468899522	1.21351766513057	1.30875576036866
128	0.993945166337846	0.969725831689231	0.916195856873823	1.05461393596987
256	0.866374589266155	0.946209078739199	0.842424242424242	1.09256198347107
512	0.918793882327328	1.02596200947042	1.24694104560623	1.14979606970708
1024	1.0541365625318	1.20769309046505	1.18254284575528	1.13551215623754
2048	1.00605287146764	1.31974475843209	0.866778939904272	0.982538556993441
4096	1.00479956901829	1.29044738839778	0.992703249026278	1.00014790711433
8192	1.03464405347497	1.21014274074298	1.01041609859846	1.0490265583247
16384	0.987648327051892	1.12057898981254	1.03350241178666	1.03420728926237
32768	1.01221732270723	1.08812834032301	1.00412028101096	0.969617801693604
65536	1.00207362906174	1.04010422036233	1.03711302977578	1.09536784741144
131072	1.0093881963649	1.02416752775903	1.00291778960732	1.03022770637979
262144	0.998354818050346	1.02802870833318	1.01624886247056	1.01430679722835
512144	1.0137936994971	1.00919059947944	0.992845960318079	0.943462722737816
762144	1.00678762103945	1.02415013764952	1.08559823379005	1.05250735119615
1012144	0.992024508811019	1.00472408037475	1.02154546448851	1.04002049236359
1262144	1.01005825588003	1.0231295558714	1.00262199463597	1.07901158898055
1512144	0.996613999551953	0.998810152321273	1.04424802618218	1.01883647768869
1762144	0.999428513353002	1.00380364869847	0.935720120834447	0.952208655545223
2012144	1.00572031727779	1.0184636200609	0.968226157313988	1.10648514616701
2262144	0.999489894498163	1.00765449498064	0.952859155859652	1.04870888105706
