1	1.139744197063	1.22666982472762	0.827450980392157	1.06666666666667
2	1.09780356402818	1.12556983008703	1.01777777777778	1.11111111111111
4	1.03735395754484	1.02221490867204	0.923357664233577	0.948905109489051
8	1.06031966643502	1.21820708825573	0.842443729903537	0.935691318327974
16	1.18813716404078	1.14805375347544	1.02279202279202	1.07977207977208
32	1.17686737426843	1.14889395893265	0.94949494949495	1.25252525252525
64	1.04866119539086	1.09740528889994	1.09954751131222	0.961538461538461
128	1.06363636363636	0.984262796027502	1.0057361376673	1.00956022944551
256	1.15225604105781	1.09180982251051	1.07930107526882	0.935483870967742
512	0.954150746787079	1.02906101655667	1.09733700642792	1.19559228650138
1024	1.05733955996341	1.06778681815993	1.02432283029298	1.06522940851299
2048	1.02025747214999	1.05650261645639	0.988255613126079	1.17892918825561
4096	0.983272165346726	0.950685725323546	1.00754988315657	1.07100485349631
8192	0.994367188875198	1.02214618905122	1.13276863043685	1.06462358427715
16384	1.00256908514342	1.03010777043943	1.00217810999455	1.1423196871442
32768	0.99284866615571	1.01029433579746	1.00597957193451	1.04724631730226
65536	0.985445586429507	1.00602804597918	1.00656591165158	1.09200046621858
131072	1.00173344953276	1.00867281378617	1.02977672137897	1.08732134279101
262144	1.00541025533185	1.00100338266131	0.948496812265454	0.985284803504415
524288	1.00022678669719	1.0035814652506	0.936161574267247	0.954835509960348
1048576	1.00385271092558	0.908885414986813	0.982095610502492	0.979530429336572
2048576	1.00218756971265	1.00031985689869	1.06138481139746	1.01648532567576
3048576	1.00357939580635	1.01318921135616	0.944196691632795	0.964469864704815
4048576	1.0041455305905	1.00382440827284	1.00877124019482	0.940333876735545
5048576	1.00244619194973	0.99671635961581	1.00402304234574	0.97384786885464
6048576	1.01394460838035	1.00739139068775	1.04167942362338	1.06505604289595
7048576	0.996562921814015	0.999171860377273	0.996211204166012	1.03483983708034
8048576	0.99580760271202	0.998628839660602	1.06040728184752	0.993621880238323
9048576	1.00603419931961	1.00851124587356	0.924924781649244	0.917824126928302
