1	1.11577424023155	1.16763145200193	1.06666666666667	1.05777777777778
2	1.11462113127001	1.14535752401281	0.926056338028169	0.869718309859155
4	0.989525257644872	0.973306301740159	1.05508474576271	1.02542372881356
8	1.14586014586015	1.08823108823109	0.966666666666667	1.03
16	1.01709308655416	1.03320631464344	1.01829268292683	1.04878048780488
32	1.02516881522406	1.06471981057616	1.14397905759162	1.1413612565445
64	0.918725718725719	1.01919191919192	1.00231481481481	0.99537037037037
128	0.885879279527018	0.847724460332738	0.905158069883528	1.02495840266223
256	1.12327358213341	1.02505142521305	1.17533432392273	1.03120356612184
512	1.03857335318727	1.05466921931504	0.954388984509466	0.96815834767642
1024	0.964349970013994	1.0941560605051	0.881308929561841	0.988907376594565
2048	0.965859527748534	1.02291071339048	0.971418964357767	1.11499663752522
4096	0.94669132757912	1.07414714344431	1.0113886847906	1.09643644379133
8192	0.904290900774706	0.934564477859409	1.12023659458935	1.08949869097256
16384	1.06507039842513	1.13713784396799	1.01337370678779	1.06373959121877
32768	1.02782497352934	1.04099874418261	1.012137964187	1.03401033529624
65536	1.0309010270453	1.03542582029121	1.00560585324771	1.03788556690178
131072	0.993103646343784	1.02248405150905	1.14280806229959	1.07654476510409
262144	1.00895410569229	1.00970519334327	1.05450325714415	1.03486960074449
524288	1.00723408923808	1.01676149158702	1.05536612303106	1.03372926518051
1048576	1.00638450675892	1.12143413904553	0.994199009250776	1.09030249470979
2048576	1.00140325292257	1.01344733970389	0.941025841287041	0.952324480581209
3048576	1.01441493268665	1.02908032485024	0.919495911522307	0.922840687666149
4048576	1.02291873503427	1.01535627914557	0.935755802402733	1.00347925026778
5048576	1.01706447486596	1.02224620492862	0.988889123182874	1.04097070809734
6048576	1.00989267243388	1.01366544380393	0.945325416816098	0.997171823518432
7048576	1.01882899215513	0.99783649012629	1.02587299478469	0.992776384942961
8048576	1.0070768194908	1.00406060410789	1.08246825369142	1.12896216144767
9048576	1.01158427495578	1.00127924970768	1.03097668872711	1.06429211836259
