1	0.922242314647378	0.977848101265823	0.966666666666667	0.941666666666667
2	0.895703395703396	0.933818433818434	1.18348623853211	1.14678899082569
4	1.09254206457481	1.05025011368804	0.836879432624113	0.971631205673759
8	0.980062832286129	0.936442725954567	1.02380952380952	1.10714285714286
16	1.03481715940467	1.00511818977709	0.981818181818182	0.967272727272727
32	0.9907659269864	0.953078024337867	0.983695652173913	1.30434782608696
64	0.964544464882315	1.01619805548256	0.96671490593343	0.897250361794501
128	0.998398440891856	0.645380080849791	0.802188552188552	1.23063973063973
256	1.01399776932231	0.413000901876864	0.823979591836735	1.1530612244898
512	0.954778446858211	0.207426291754477	0.750182260024301	1.273390036452
1024	0.948073033263724	0.245772859531095	0.962034282476272	1.08953109505596
2048	1.01574796336435	0.212485019966168	1.10716217260295	0.956501583867728
4096	1.08036827854723	0.333995253682716	1.14217297398817	0.969480702413372
8192	1.01738065631923	0.375355522031951	0.974534148353392	0.837729224391379
16384	1.00722703483219	0.395320463848759	1.11288866796604	1.0164820071422
32768	0.938143951768711	0.427634727142298	0.971824943781353	0.977429510465317
65536	1.03451713463521	0.494052620755496	1.02105780871671	1.04507036924939
131072	1.00766969974419	0.576922074736444	1.02004500281268	1.00464279017439
262144	0.981250101570414	0.684922075178358	1.0093751807764	1.01260163132624
512144	1.00413158087258	0.853577446806803	1.01546734867144	1.02257740120656
762144	0.99388551438186	0.784701918427698	1.00042517249992	1.00833916436127
1012144	0.992251936405001	0.981092128103251	0.991509389745459	0.999776650989192
1262144	1.00607920462322	0.99727837356832	1.01343465736531	1.01071186606082
1512144	1.00278562181659	0.946448577441447	1.00554015235782	1.00807004292864
1762144	0.998945002454323	1.00541227566068	1.0013525236985	0.996954509259065
2012144	0.998244573567226	1.01042336979894	1.0120483977207	1.01146055246033
2262144	1.00230509905079	1.044362549744	1.00868792335758	1.00852865862902
