1	1.10421601136902	1.12174324964472	1.18691588785047	1.17757009345794
2	1.0199709513435	1.03522149600581	0.809859154929577	0.816901408450704
4	0.937232802176448	0.931403031480762	1.144	1.168
8	1.04596992851861	1.00480650727138	0.96	0.88
16	1.07663840667474	1.02570313551339	0.781456953642384	0.791390728476821
32	0.985251523121484	0.697373239671072	0.914933837429111	0.984877126654064
64	1.03038856632425	0.761482804823582	1.03327495621716	1.28896672504378
128	1.01035466775377	0.70380033519047	0.984706881903144	1.43245539507222
256	0.999442362190328	0.37543194076241	1.21343873517787	1.85243741765481
512	0.998084241592668	0.294951482359254	1.40694789081886	1.60723147819922
1024	1.07078993131796	0.262303787308618	1.07101962922574	1.20815158124318
2048	1.04529586035711	0.230540475618544	0.929728145379937	1.09753059280428
4096	1.05185792310807	0.229375144159361	1.02265188900574	0.993851630127012
8192	0.956666464740348	0.235247845394599	0.975499092558984	0.886610203670095
16384	0.961436066676675	0.269661046039701	0.897877758913412	0.974508852777104
32768	1.05854840923218	0.331843207853331	1.02987986732447	1.00829918889539
65536	1.00613132478726	0.379781872771422	0.984229583321547	0.983112217476168
131072	0.977286592783062	0.45862988634073	0.993213104454998	1.00140616049816
262144	1.00587277853741	0.547877872693292	1.00600223651104	1.00167179200447
512144	1.00656799914574	0.658415852884936	0.98795395087068	1.00000996364692
762144	1.02167371659936	0.718734694475337	1.01067319699564	1.00780560267956
1012144	0.993549588044759	0.722558851140598	0.99757113099075	1.00818976923442
1262144	1.01284211283364	0.752663197149474	1.00742012809109	1.00511565535817
1512144	1.0086814083582	0.766263192427864	1.00744998173792	1.00839598524861
1762144	1.0020855763823	0.777922847550489	1.0144324688258	1.00998296574716
2012144	0.992763144739679	0.76913707123355	1.00307998678763	1.00887522347332
2262144	1.00427680800453	0.786303328388216	1.00681995268189	1.00830936261939
