1	1.01698301698302	1.05394605394605	0.967479674796748	0.975609756097561
2	0.99468954248366	1.02205882352941	0.982142857142857	1.22321428571429
4	1.04785961180537	1.05317734645041	1.1	1.07692307692308
8	1.04716824447766	1.09417040358744	0.965116279069767	0.918604651162791
16	0.962707423580786	1.00393013100437	1.09561752988048	0.900398406374502
32	0.957462359304196	1.00004872581981	1.15467625899281	1.16187050359712
64	1.0064410804393	0.945325022261799	1.16397228637413	1.08775981524249
128	1.0637585733882	0.647590306355739	1.13340448239061	1.16221985058698
256	1.43366988424128	0.790450830282185	0.838132295719844	1.04669260700389
512	1.09654843760637	0.684008441691061	1.04725339633786	1.43118724158299
1024	1.33839884402448	1.05302550614518	1.45859473023839	1.73902132998745
2048	1.09546362565982	0.648771646668166	1.24190857524191	1.332999666333
4096	0.829955032860602	0.636089011875937	0.705128205128205	1.03916403231472
8192	1.14504540071062	1.07186471904198	1.21375893062918	0.957363447799032
16384	0.96135511284614	0.880506824481809	0.991226017781937	0.911441272812354
32768	1.12049334945586	1.05475211608222	0.985157059026579	1.01120281168607
65536	0.958310159300739	0.819582106329292	1.13955405107072	1.10495253513871
131072	0.962579354483902	0.910553100254652	1.00514406423688	1.02997558852356
262144	1.01260059998185	0.949210040252257	1.00816940771794	1.00672901214662
524288	0.997665126164508	1.00279798930699	1.01338408494331	1.02962532438345
1024288	1.00925844424102	1.00567815059972	1.0003036629863	1.00224380840102
1524288	1.03016564109314	1.03657616117409	1.0185682544301	1.03429536896559
2024288	1.0088751398007	1.00389523039737	1.00372344342413	1.01065874436665
2524288	1.01620972577304	1.01036025392969	1.01391561726432	1.01744456502689
3024288	0.990631196030136	1.01634349204784	1.0042087037164	1.01229095732121
3524288	1.0131026888453	1.00583895252457	1.01342477964155	1.01356403280421
4024288	1.01258607907199	1.01598758674996	1.00827131511556	1.01254643898108
4524288	1.0133898458104	1.0274843830066	1.02359732707439	1.02419720479101
