1	0.99843912591051	1.02445369406868	0.787671232876712	0.856164383561644
2	0.985430463576159	1.02030905077263	1.01754385964912	1.03508771929825
4	1.0522170361727	1.0169194865811	0.968553459119497	0.937106918238994
8	1.01152497077	1.06681142475363	0.862068965517241	1.13793103448276
16	0.850653505164062	0.926880541083996	1.05791505791506	1.08494208494208
32	0.98317528296115	1.03217089833792	1.35416666666667	0.947916666666667
64	1.03486805165637	0.648540145985401	1.46103896103896	1.51948051948052
128	1.00991890857203	0.791929140709289	1.08469945355191	0.87431693989071
256	1.01703719895591	0.659513186149079	0.944621938232162	1.21618743343983
512	0.910829761943708	0.525283257543538	0.995901639344262	1.44535519125683
1024	1.01842135821888	0.657911683047072	0.786796116504854	1.13864077669903
2048	1.09934600676163	0.69302961443958	1.00383351588171	1.18099671412924
4096	0.994117360682873	0.630375515238064	1.26776787654858	1.50358617691806
8192	1.08266712349627	0.866910309121364	0.965760989617848	1.00706869891761
16384	1.0520511035768	0.929833621483261	0.860780806061244	0.799800063137956
32768	1.01505023149275	0.933206590945777	0.780779073073642	0.814046061984646
65536	0.984513205585642	0.941818582458281	1.1467218382157	1.01512515477814
131072	0.998529613626326	0.94790982823858	1.0342363344542	1.01976065079549
262144	1.00302318370694	1.02452198412041	0.988803450811449	1.01157651020838
524288	1.00200387338439	1.03946506229211	1.00809912057804	1.01860809803871
1024288	0.99982144565121	0.998330342188417	1.00833262323272	1.0206157340601
1524288	1.00121221116185	1.02799338206845	1.01165531217519	1.06031627579581
2024288	1.00270113739126	1.00187550888123	1.00769492262009	1.01971407414392
2524288	1.00205319253549	1.01515249722622	1.02063226438077	1.01894630192503
3024288	1.00151418577024	1.00112746674257	1.01687131792419	1.02119935310982
3524288	1.00319763006853	1.00067362012728	1.0168577999673	1.01773130340387
4024288	1.00190890458279	1.00376551040989	1.00945041379697	1.01765602749912
4524288	0.997930138955026	0.999820236902633	1.00814297991857	1.02011431530754
