1	1.02118171683389	0.974916387959866	1.01709401709402	1.02564102564103
2	0.974576271186441	0.892060660124888	1.02325581395349	0.961240310077519
4	1.1739837398374	1.03154471544715	1.31858407079646	1.13274336283186
8	0.972694174757281	0.955299352750809	1.07042253521127	1.16197183098592
16	1.02129995608256	0.783157663592446	0.985645933014354	1.11483253588517
32	1.02441688620446	0.99730129152477	0.823899371069182	0.968553459119497
64	0.985942048160889	0.911418364646732	1.08351648351648	1.14065934065934
128	0.990418028556683	0.792035093755376	0.861148197596796	1.1241655540721
256	1.01625232922783	0.469136026905422	1.02503912363067	1.31298904538341
512	0.972547936332549	0.255946200813465	1.1359375	1.64635416666667
1024	0.952861856343899	0.203662350543361	1.34381898454746	1.59492273730684
2048	0.976777023316097	0.176811990809631	0.995507300636466	1.1402720579059
4096	0.954690061467619	0.193399454364627	1.00753415911122	0.887498403779849
8192	1.12003720192718	0.280458315545527	0.940752296758537	1.00533888022188
16384	0.932113281654288	0.333177868232847	1.03818624911251	1.01431504614971
32768	0.928093921198337	0.331845156311208	0.947537711811039	0.980962438358023
65536	1.06300472882927	0.529754412471825	0.975765063676107	1.02261427185146
131072	0.940387508044227	0.563127050937566	1.01369399176716	1.01377138628085
262144	1.05659019521623	0.762748190077179	1.01040482099226	1.01042998524895
512144	1.01216399867402	0.879028448623608	1.007672289856	1.01144663586354
762144	0.982579260108779	0.927156167140355	1.00432660155337	1.00859057039855
1012144	1.0291275437871	0.983210286539883	1.01823004785426	1.01565820353707
1262144	1.01714122776262	0.994314225978548	1.00837149670657	1.00604881089853
1512144	1.01534845531356	1.01151554856603	1.00445025191657	1.0114299738976
1762144	1.00304210719689	1.01587032361079	1.01018323109397	1.01007671494144
2012144	0.99132180300166	1.01947948728741	0.997116010762743	1.00696110645578
2262144	1.00877818861913	1.02976543552019	1.01044901022253	1.01187651876368
