1	0.903513371788149	0.849501835343471	1.0327868852459	0.975409836065574
2	1.13444502344971	1.02866076081292	1.12727272727273	1.18181818181818
4	1.02829854969933	0.982667138309162	1.06299212598425	0.937007874015748
8	0.995292103573721	0.976888508452814	1.14965986394558	0.965986394557823
16	1.11869918699187	1.06314363143631	0.733766233766234	0.623376623376623
32	0.983037423272391	0.854003036103228	0.979472140762463	0.93841642228739
64	0.974954334691584	1.02072502458901	1.25707547169811	1.38207547169811
128	0.961660022267715	0.614301619796717	0.586077140169332	1.05362182502352
256	1.02333172032298	0.4019621796514	1.64627930682977	1.79204892966361
512	1.01360252504351	0.263902947379968	1.10047656870532	1.31532962668785
1024	0.995483833239413	0.191143634836419	0.709222980409421	1.2623816861105
2048	1.04952775122912	0.212450637699612	0.942952161678179	1.18726016884114
4096	1.00447166253654	0.190029080245006	0.896207215541166	1.14807277212458
8192	0.94763794444668	0.20723940101128	1.05201569498941	0.899336782527171
16384	1.00381740137967	0.235827825219259	1.03628477936763	1.10184521850253
32768	0.899744278032199	0.254708266791507	0.855057408419902	0.947029342081283
65536	1.09052657853676	0.335624358820992	0.975321665305791	1.03304137906551
131072	0.990609925169654	0.419299394281488	1.00571526393661	1.03075286435725
262144	0.998751573844819	0.429033413132406	1.00344902942602	1.01390063374728
512144	0.99790912366428	0.436638551761797	0.999776116686284	1.00441760001942
762144	1.00646274269552	0.442773039739572	1.01603109030012	1.01338495848318
1012144	1.0134542969351	0.445419196098849	1.00762668688503	1.02088479454598
1262144	0.999647890963165	0.444600982164397	1.01358318812023	1.00265503081454
1512144	0.999438020493486	0.44234620216698	1.00453121057118	1.0094010230214
1762144	0.99822256885571	0.444787608021836	1.00580569746529	1.01267415447395
2012144	0.997916138521584	0.444133912223825	1.00398297502138	1.00716748546288
2262144	1.00619844843905	0.443166842349539	1.01295171340967	1.00756367975432
