1	1.02419882275997	1.14911706998038	1.02702702702703	1.09009009009009
2	1.10824742268041	1.03951890034364	0.825503355704698	0.919463087248322
4	0.939844040103973	0.918306721128853	0.944444444444444	0.857142857142857
8	0.954070981210856	0.985125260960334	1.09271523178808	0.927152317880795
16	0.942453480358374	1.07046864231564	0.854748603351955	0.916201117318436
32	1.02116698398477	1.18075932355247	0.954081632653061	1.39795918367347
64	1.07378719934774	0.919078679168365	0.894160583941606	1.02189781021898
128	0.932286660258464	0.882409484139699	0.930787589498807	1.06205250596659
256	1.06820006612195	1.0008029093657	1.08768656716418	0.774253731343284
512	0.958017922173575	0.929334260812635	0.952314165497896	1.07012622720898
1024	1.05605381165919	0.98856941879891	1.05340909090909	1.58409090909091
2048	1.09720099734577	1.16098286817341	0.820661636680209	1.09402205455601
4096	0.95140384688055	1.06548766201867	0.812406015037594	1.35601503759399
8192	0.956109652960047	1.05243511227763	1.1607686899461	1.26013592688071
16384	0.929340856629905	1.00800205180816	0.872331294925437	0.89614848192254
32768	0.989292300370804	1.03537506692312	0.899886377982578	1.04519631359677
65536	0.985608980861567	1.11132751741394	1.12704343764596	1.0383582438113
131072	1.00344545268472	1.11447601828478	1.11000092515496	0.950279528963959
262144	1.01962939065209	1.18969028511513	1.02971392825349	1.02568390154705
524288	1.0111304635426	1.16224924449945	1.03008649160364	1.0433533784438
1048576	1.01473804144648	1.08047073702743	1.02027953603444	1.01985155672654
2048576	1.016418786849	1.01288041162735	1.01450521106064	1.0156789594082
3048576	1.01895748511397	1.1072112786512	1.01418522902003	1.02718293364115
4048576	1.01128136607224	1.07847602625071	1.0047741812596	1.01128156254138
5048576	1.01172461114115	1.04886269484596	1.01246722552728	1.01525282250907
6048576	1.0112683618681	1.01698282848749	1.0081444634617	1.01434066009926
7048576	1.01011841233523	1.03551563165821	1.00597762430596	1.01236218371934
8048576	1.01399143246357	1.05329699898579	1.00525786652707	1.01439706079794
9048576	1.00850683846629	1.07427420948094	1.00793073037188	1.01174542898503
