1	1.05241935483871	1.0369623655914	1.00819672131148	0.967213114754098
2	0.886725663716814	0.88023598820059	0.896825396825397	1.00793650793651
4	0.756853396901073	0.901470003972984	1.0	0.911111111111111
8	1.09900309384668	1.18494327947748	0.951724137931035	0.882758620689655
16	1.06812749003984	1.09243027888446	0.764397905759162	0.827225130890052
32	1.09160305343511	1.33083681405732	0.901785714285714	1.08928571428571
64	1.02437292948415	1.03186622495662	1.07299270072993	1.0
128	0.696655774177849	1.1936313703678	1.29396984924623	0.934673366834171
256	0.922532170308317	0.702564988340962	0.977867203219316	1.26961770623742
512	0.952918890993628	0.898364043395901	1.12903225806452	1.3778801843318
1024	0.862344170507625	1.0296346707087	1.31341463414634	1.77560975609756
2048	1.16566096606128	0.913284078532953	1.0843989769821	1.7382779198636
4096	0.976474923393196	0.953764400139638	0.879456706281834	1.53438030560272
8192	0.976196228526379	0.729244815177447	0.913131768953069	1.45058664259928
16384	0.974898827667931	0.753102245541337	0.99032634032634	1.16503496503497
32768	1.0071183478613	0.903339656017561	0.915756125945561	1.10764854205728
65536	0.99927238961111	0.903966978037716	1.00743406968264	0.89326463876538
131072	0.999792664837378	0.796518901858197	1.01600992008818	1.00524937999449
262144	0.999535456803834	0.897846467263919	1.05311162603741	1.02729766155156
524288	1.0036007878888	0.899801005057775	1.03498654879315	1.03841975811967
1048576	1.00229183807882	0.899610240960045	1.00587817168679	1.00351852557024
2048576	1.00234797403903	0.897548724277193	1.01850215930666	1.01464262409045
3048576	1.00062646751747	0.981712475594536	1.00648307391456	1.012451835758
4048576	1.00104992520711	0.967209152167287	1.0052711323976	1.01067789082902
5048576	1.00172249915155	1.00059332726244	1.01639160123787	1.01632538608527
6048576	1.00257993245728	0.986748849974955	1.01242837092015	1.01187510263762
7048576	1.00285870440165	1.00253319467826	1.00804469081064	1.01183662676735
8048576	1.00121095376406	0.966233733312138	1.01096500793576	1.01751901132265
9048576	1.00030086612126	0.986081731292434	1.01163984054494	1.00640029808228
