1	1.00125431169646	1.00564440263405	1.02390438247012	1.02788844621514
2	1.19405666897028	1.09523151347616	1.14634146341463	1.06910569105691
4	0.965918854415275	0.953031026252984	0.844282238442822	0.742092457420924
8	1.07651434643996	1.22660017984141	1.13573407202216	1.0387811634349
16	1.01233036626295	1.02495257551437	0.891489361702128	1.06808510638298
32	0.971213252766651	1.01072713694073	0.891696750902527	1.04151624548736
64	0.95349135169763	0.978539397821909	1.04464285714286	0.880102040816327
128	1.04692516670783	1.11990614966658	1.1588785046729	1.21183800623053
256	1.07643076272083	1.07590183010684	1.12654924983692	1.16634050880626
512	1.08767379871767	0.946077371947266	1.09652366863905	1.14312130177515
1024	0.983832110926709	1.06825847208095	1.12298827736936	1.20166898470097
2048	1.02027667539646	1.01732032969681	1.10686233980984	1.11606035551881
4096	1.00758736215993	1.04215599329947	0.999214906312153	1.09750863603057
8192	1.00990198711063	0.940329139174467	1.09533506604861	1.21052490554915
16384	0.993644802685677	0.990629722433119	1.00421476254572	1.02160405704885
32768	0.995789390205066	1.00309290230964	1.0000342097881	1.00797088062837
65536	1.00295947021004	1.00954651528849	1.01907584382942	0.962013998955862
131072	1.00175039278345	0.998732178799593	1.04516886749218	1.05326926109144
262144	1.00328271864443	1.00157935808155	0.982293040672386	1.02091531945974
512144	0.995278065193874	0.997623918299031	0.985778319311052	0.98810874251563
762144	0.999382016251939	1.00000169490367	1.01473978874554	1.05964218619754
1012144	1.00290466835937	1.00270271521944	0.941801661444833	0.956905201175378
1262144	0.997801987258096	0.997296905930664	0.979439295906536	1.0229813685914
1512144	1.00440130748342	1.00466842882676	1.02666087572382	1.14171576423788
1762144	0.994635468729612	0.997705981722375	0.944882920040271	0.972324134531569
2012144	1.00155619717243	1.00214447884198	1.00567673532182	1.04007940938272
2262144	0.999595797087405	1.00297588624028	1.08660942949001	1.09616397700108
