1	0.988250652741514	1.02741514360313	1.34285714285714	1.16190476190476
2	0.935353535353535	0.911616161616162	0.883928571428572	1.0
4	1.01991409605623	0.969152674736431	0.883720930232558	0.992248062015504
8	0.983702571937866	0.968678380443086	1.10769230769231	1.1
16	1.06240487062405	1.01758836462033	1.1741935483871	1.12903225806452
32	1.02615193026152	1.01909506019095	1.24770642201835	0.839449541284404
64	0.949688239088368	1.04730165555794	0.681818181818182	0.875
128	0.939200457426026	0.788916948587221	0.938144329896907	1.22680412371134
256	0.849640710444254	0.936864464229222	1.17031630170316	1.48175182481752
512	1.30295476969414	1.09258970763878	1.06913183279743	1.40836012861736
1024	1.04465728132933	1.0173859527656	0.842948717948718	1.44017094017094
2048	0.895758036903177	0.986722465284383	0.947337962962963	1.22453703703704
4096	0.842110723054048	1.14388464331408	1.07090576395242	1.43458371454712
8192	0.911452991452992	1.18601398601399	1.12778489116517	1.2583866837388
16384	1.07706481048198	1.2146700982686	1.00037276341948	0.969060636182903
32768	1.03315135855976	1.23870645107518	0.815897695904456	0.95008731902428
65536	0.990607572644555	1.43560177226159	0.898510820972851	1.27225626905883
131072	0.995428443518463	1.35219925443166	0.996975570861	1.0733149118104
262144	1.0170089112747	1.34661468423092	1.00758284532844	0.99923189761715
524288	1.01862668919837	1.17825763297598	1.01730064471426	1.03461211586452
1048576	1.00532557756559	1.58920202863196	1.00128431550294	0.997220908605675
2048576	1.00389539670961	1.02408570459859	1.01198199434651	1.01336963320937
3048576	1.02175531271442	1.03505636092677	1.02600888884936	1.01766564319652
4048576	1.02226590043517	1.02882660908425	1.0082206485586	1.01041824767823
5048576	1.01144331280838	1.16166967039202	1.01010253389845	1.01907632294514
6048576	1.01175279658539	1.03306331292721	1.01035586312902	1.02494024220519
7048576	1.01897323929614	1.03159650713122	1.00883825081554	1.00947612197322
8048576	1.01520129552303	1.14879009763504	1.0131178288678	1.01653469397984
9048576	1.00302634884816	1.01522513221884	1.01371651674733	1.01864422873472
