1	0.998060762766645	1.05235940530058	1.21621621621622	1.0
2	1.0049850448654	0.939680957128614	1.25	1.05357142857143
4	1.06891830214514	1.08580556823368	1.0	0.927007299270073
8	1.09599308157971	0.788988181031998	1.04511278195489	1.03759398496241
16	1.0994094488189	1.24114173228346	0.836538461538462	0.8125
32	0.720210149787615	0.955957970042477	0.986175115207373	1.04608294930876
64	1.29649048625793	1.26443974630021	1.256	1.316
128	0.97248273151008	1.04065816813613	0.859122401847575	1.02771362586605
256	1.03720770626011	0.94989950487769	1.28235294117647	1.28627450980392
512	1.26739594450374	1.50400213447172	1.21111111111111	1.55079365079365
1024	0.884645655819047	0.841255175717757	1.01324503311258	1.32119205298013
2048	1.09516161999591	1.15061173241452	1.39491525423729	1.49915254237288
4096	0.969291601912144	0.868530285444495	0.97682119205298	1.47599337748344
8192	1.0301024882166	0.84163652307355	1.14011951370286	1.10158664743458
16384	1.01424966244454	0.933147945733942	1.09759374618297	1.12617564431416
32768	1.01704149768547	0.864191461954765	0.891029199511491	0.986399467081159
65536	0.99853005814917	0.923992957729564	0.849842745414568	1.03261988922597
131072	1.01237100017851	1.02060376972213	1.083846333671	1.07437076287696
262144	1.00099889222978	0.702990346573825	1.05457236507775	1.0929464376461
524288	1.00044635379268	0.898598806174031	1.01018368931224	0.996614179010533
1048576	1.00219012540579	1.00022391880756	1.01470094171545	1.00609315347417
2048576	1.00038812302956	0.961519017622717	1.00499730017352	1.01540866985054
3048576	0.999836153584307	1.00153248759712	1.01397546228872	1.00924136104859
4048576	1.002482675765	1.00293908719771	1.01560180244675	1.02030127756944
5048576	1.00305081424544	0.993859734027342	1.00624321404305	1.01461623625902
6048576	1.00037700785869	0.959637688816321	1.00918034143671	1.01577075110246
7048576	1.00152697724851	0.968789468091209	1.00583600099437	1.00696000262318
8048576	1.001679895747	1.02832721243094	1.01696993842009	1.00791286591891
9048576	1.00125062817149	1.00138503617293	1.01012178024821	1.00428457413502
