1	0.980436518498802	0.932525951557094	1.13031161473088	0.869688385269122
2	0.929154267063454	0.967361044446578	1.07474226804124	1.08505154639175
4	1.02952521214671	1.06627393225331	1.01833333333333	0.97
8	0.899612566650044	0.94357282596187	1.06968641114983	0.980255516840883
16	0.999199047515965	0.795345816646823	1.18740849194729	1.14568081991215
32	0.984389815221665	0.97511620915335	1.26106743897393	0.973520893669839
64	0.974390499895043	0.285482951989684	0.9311369829081	1.04508298241268
128	0.989963105117887	0.293408795913373	1.03182104599874	1.17974165091367
256	1.00974100353177	0.182640236724045	1.23970231914157	1.02544132917965
512	0.997510647257029	0.120142914162898	0.984796573875803	0.861705924339757
1024	0.958105991915571	0.103979645762745	1.0628392641737	0.997248190591074
2048	0.988931334168162	0.109715989621926	0.992714897468927	1.08068446889253
4096	0.988819572591692	0.113806502973877	1.0689670794322	0.830462851102386
8192	1.05895826002962	0.152985462340733	0.976860264261839	1.11118289700967
16384	0.933071243960746	0.165875684937573	0.971949025504041	0.978640463665054
32768	1.03884369473108	0.207466210461782	1.05500749654895	1.04912121952669
64018	1.02105630898801	0.226743958177107	0.938925877909701	0.993792549260817
95268	0.983570683995027	0.235267547541702	0.952106265403032	0.976892479993647
126518	1.02555389072043	0.253862002122146	0.940621703406009	1.13498760754425
157768	1.02556125418617	0.256070001574461	0.986042357579337	1.02261826817846
189018	0.997390628129735	0.249545338633731	1.00157124673917	1.06662486925181
220268	1.02608599139999	0.257816636112678	1.04923243835775	1.03931290058143
251518	0.990055460451818	0.257729255949825	0.998424236499976	1.07970640679962
282768	0.998231470147003	0.266030571107513	1.08503898414076	1.17999614567613
