1	0.974285714285714	1.01942857142857	1.13084112149533	1.03738317757009
2	0.86411889596603	0.932059447983015	0.819672131147541	0.950819672131148
4	0.974015428339423	0.891189606171336	0.975806451612903	1.0
8	0.940464177598386	0.860746720484359	0.941666666666667	1.21666666666667
16	0.993781512605042	1.03310924369748	0.924050632911392	0.962025316455696
32	0.928087211432759	0.95447050201539	1.04591836734694	1.0765306122449
64	1.03478998727196	1.02491060064246	0.823699421965318	0.898843930635838
128	1.09888974954815	0.953438333763663	0.98546511627907	1.34593023255814
256	1.11570309308975	0.584753629646133	0.952380952380952	1.47222222222222
512	0.98140394444284	0.828679506800266	0.94	1.26428571428571
1024	1.04841146087126	1.07672254166261	1.46731234866828	1.60653753026634
2048	0.981699898614397	0.776934775261913	1.00928612884504	1.19500870574579
4096	0.974374222251588	0.727521006089839	1.06236371565635	1.7352812908853
8192	0.967213651269497	0.978052979178803	1.06447737284742	0.989187024429315
16384	0.989276761843265	0.791705814708539	1.03391373620121	1.32991919881643
32768	0.992662603912502	0.889553084111424	1.04128464399853	1.09116152355006
65536	1.0027732714084	1.03076288226037	1.12130217177585	0.950464742157476
131072	1.00650546194466	0.609939181948022	1.07932447978912	0.996939607510248
262144	0.999510484983521	0.869719369655279	1.02926568998015	0.979665107558516
524288	0.999860879530983	0.86816434937132	1.01443534213958	1.01597548991817
1048576	1.00098603457312	0.731886141236701	1.01132207220224	1.01384975224489
2048576	1.00044331097653	0.732840304076717	1.01472370169682	1.01457624107153
3048576	1.00054007671643	1.00128708950529	1.01549524709581	1.01046954211687
4048576	1.00102752895633	0.866211488995311	1.00277307715962	1.00901310970096
5048576	1.00048493462925	0.731510975437082	1.0213349135329	1.01223544973545
6048576	1.00051717633598	0.730854892131371	1.00880966741022	1.01129230397066
7048576	1.00045294849107	0.866760284139717	1.00481176930186	1.01624726459649
8048576	1.0009444189435	0.596107433897008	1.00963048844052	1.01436193405933
9048576	1.0006362503018	0.866050004963501	1.00886811353703	1.00310820813314
