1	0.942809780356403	0.932449233319519	1.0	1.03418803418803
2	0.951971885982038	1.00780944943382	1.18	1.39
4	0.913311928871326	0.857001728821931	1.31451612903226	1.23387096774194
8	1.21083966331349	1.14842948059947	1.07096774193548	1.36129032258065
16	1.06776737309019	1.00899457861015	0.901785714285714	0.8125
32	0.8472647702407	0.946870897155361	0.877118644067797	1.04237288135593
64	1.07696879643388	0.859658246656761	0.895973154362416	1.13422818791946
128	1.17574778823199	1.13214436174695	1.35483870967742	1.10215053763441
256	0.902130648560056	0.92629360805432	0.915966386554622	1.20504201680672
512	0.978753636917247	0.982102983963732	1.19424460431655	1.41606714628297
1024	1.05525606469003	1.0327868852459	0.904695164681149	1.47722494744219
2048	0.966107043675839	0.99336026255996	1.17140536149472	1.29528838342811
4096	0.996640918432429	0.795081851038197	0.899906454630496	1.22188961646399
8192	0.986786013986014	1.00228624708625	1.00969489592244	1.13838988689288
16384	1.00055940926382	0.996824870178471	1.04730576441103	1.05675647451963
32768	0.997002791960176	0.996896730863092	0.974978290284145	0.963971969222691
65536	1.0019266633962	0.881800881018378	0.987989645589859	0.957668735010849
131072	1.00236736976186	1.0043630559105	1.00207170797723	1.03123783392966
262144	1.00088390977067	0.880392080279686	1.00851840377731	1.01483427894324
524288	0.999466544266808	0.999461803842638	1.00439216074723	1.00980300562471
1024288	0.999663995608003	0.879125939623404	1.00907647467231	1.01708937732693
1524288	1.00011034248777	0.879463725038039	1.00912505550532	1.0122836077616
2024288	1.00026493398324	1.00123675445545	1.00726562750056	1.01694068360202
2524288	1.00035527305221	1.0007818759767	1.00242497991588	1.00488044043287
3024288	1.00005220056351	0.879353620310615	1.00290647542619	1.01546239363719
3524288	1.00073332130796	1.001309034874	1.00892981173805	1.01500930042233
4024288	0.999741440883827	1.00015823168703	1.00639930441759	1.00628185175833
4524288	1.00040834810938	1.00090193098421	1.00876002545078	1.0187101672054
