1	1.08666980687706	1.07206782854451	1.06481481481481	1.0462962962963
2	0.873330789774895	0.964898893552079	1.008	0.976
4	1.04553026096613	1.06496390893948	1.01418439716312	1.14184397163121
8	0.943380088949709	1.04926445432775	1.07317073170732	0.829268292682927
16	1.03962848297214	1.01869969040248	1.1375	0.854166666666667
32	1.15173623937939	1.06926486885851	1.01811594202899	0.931159420289855
64	1.12114823224132	1.05887122932209	1.14285714285714	0.905844155844156
128	0.947635003506584	1.0554819605704	1.05249343832021	1.03149606299213
256	0.931093983665018	0.85154722190268	1.07355516637478	1.36602451838879
512	1.08561705176428	0.975580631679503	1.08765432098765	1.44320987654321
1024	1.05622469110165	1.00290727857959	1.18381831085877	1.50816181689141
2048	0.998388301426943	0.99150910020048	1.17516218721038	1.83873957367933
4096	1.11174213817479	1.10974836117572	0.900671986560269	1.37841243175137
8192	0.986870734383427	0.993453963885221	0.880520297912515	0.942200776250918
16384	1.01801999907412	1.02092495717791	1.05023761031908	1.0614131286229
32768	1.0050132461244	1.04903601171236	0.883869269398996	0.971569739186781
65536	1.01117974268846	1.01803569600382	1.0142490738102	0.98377570975128
131072	0.991520938307152	1.03337285288846	0.98572510660582	1.00302984962968
262144	0.99923091988242	1.00828817968573	1.0052887886938	1.01072339519403
524288	1.00835388249624	1.01677609659612	1.01551274819232	1.02061062652389
1024288	1.00541892553717	1.00860915662742	1.00412175391866	1.01339940631563
1524288	1.00734738252779	1.00579995392872	1.01001792364655	1.01463230071967
2024288	1.0031023469323	1.00757913615821	1.01205335855499	1.00986329568933
2524288	1.00505014972003	1.0610919684495	1.0079906239197	1.01760810765475
3024288	1.00677501037218	1.00656417265064	1.00966699442327	1.01223306901873
3524288	1.00517960389307	1.00787673808402	1.00440869367471	1.01184064522071
4024288	1.00297280113618	1.11280085544142	1.00795405320627	1.01180114150609
4524288	0.998213396488189	1.00555739759008	0.998093597373597	0.995573662940044
