1	0.955357142857143	1.09464285714286	0.937984496124031	0.992248062015504
2	1.04750869061414	0.988026264967169	0.964285714285714	0.971428571428571
4	0.858045030203185	0.990939044481054	1.046875	1.2734375
8	1.01265365148228	1.19468546637744	0.994152046783626	0.970760233918129
16	0.976340694006309	0.832708990536278	1.08205128205128	0.969230769230769
32	0.952909441233141	1.09325626204239	0.792207792207792	0.886363636363636
64	1.09580528223718	1.08924564129121	1.1448087431694	0.991803278688525
128	1.0547806848788	1.0114948056945	0.76734693877551	1.02993197278912
256	0.990844394690549	1.03874140412602	0.809284818067754	1.55332496863237
512	1.08492955234528	0.917959693240592	1.32160194174757	1.85679611650485
1024	0.974661314601104	0.784370296036126	0.995444191343964	1.32118451025057
2048	1.10741282906578	0.891459288234024	0.84540276647681	1.66314076484947
4096	1.00272694876125	0.890782603306425	1.23483628556092	1.99946323134729
8192	0.958097928436911	0.795474687049961	0.896214896214896	1.30525030525031
16384	1.00382257749431	0.514580176451022	0.89838578562304	1.0674718383463
32768	1.00956083738209	0.670731231139101	0.896795379247662	1.11027061893453
65536	0.99424927454422	0.682656094269561	1.14205626023252	1.16084274586978
131072	1.00014538174444	0.459087532682498	1.02469744825068	0.991427967377586
262144	1.00489378421009	0.785764375202931	0.982154767612859	0.999900889582959
524288	1.00109495647983	0.780091605565391	1.02580204577468	1.03058906229536
1024288	1.00264379546431	0.780095290634219	0.999700666372063	1.01761203388754
1524288	1.00067527636211	0.668515691900302	1.01135730094295	1.03335620231987
2024288	1.0020154431871	0.780527853975833	1.01088609558215	1.01238115368937
2524288	1.00228398464675	0.669584039823023	1.00642859886838	1.01171954318203
3024288	1.0027495299966	0.669956454834565	1.01631710682732	1.02178141569782
3524288	1.00111605345071	0.668996288597606	1.00617148588651	1.01114092837792
4024288	1.000212187401	0.669107921784351	1.01006873942434	1.01370861804662
4524288	1.00147550244485	0.558919506611506	1.00363564128299	1.01510973496671
