1	1.02871242709735	1.0233288470166	0.938931297709924	0.931297709923664
2	0.989243027888446	1.04980079681275	0.924657534246575	0.904109589041096
4	0.899843912591051	0.937304890738814	1.05645161290323	1.18548387096774
8	0.985746436609152	1.02400600150038	0.866995073891626	0.852216748768473
16	1.08138509042788	1.04278782531981	1.03465346534653	1.04455445544554
32	0.929541993674593	0.872847604544922	0.835913312693498	0.938080495356037
64	0.966876603685561	0.968975973874504	1.21341463414634	1.60060975609756
128	0.92595592453849	0.989774222942189	1.35456475583864	1.68789808917197
256	0.941800451279923	0.696371605674715	0.845197740112994	1.33333333333333
512	0.848690647482014	0.949151079136691	0.7782874617737	1.16666666666667
1024	1.16422748571795	1.28628281661211	1.57886178861789	1.99674796747967
2048	1.12975541579315	1.22264150943396	1.06986899563319	1.367903930131
4096	0.964105415323029	1.13537195596575	0.963151705213642	0.935319482555861
8192	0.865765780486609	0.995081618980702	1.26357022943481	1.38989927252378
16384	1.04599859745879	1.17367739174878	1.03652143522833	1.25914492078285
32768	1.03021410390777	1.20744871986824	1.07081189758146	1.07302938915499
65536	1.00686232890545	1.08925149095945	1.08250140982457	1.18882504458094
131072	1.01302108855053	1.19544328721234	0.956765087605451	1.0458743073928
262144	0.994703321285623	1.13534608665108	1.0450555323918	1.0560416835731
524288	1.00713925133182	1.27064954655866	0.997431102623273	1.00741359645633
1024288	0.998293315367586	1.28161278169654	1.01305229876766	1.00982631806747
1524288	1.00983978727758	1.07934023878351	1.01206748355613	1.00499798309286
2024288	1.00771950665847	1.20880108210718	1.03113582485009	1.01451750104588
2524288	1.00703566593513	1.14126574522577	1.00705590912932	1.0024141416163
3024288	1.00923174187725	1.14194428354045	1.01493920604263	1.01623065543219
3524288	1.00352693480102	1.21450594473415	1.00346045370348	1.01132936475342
4024288	1.00822245318445	1.21674696215704	1.00651383702648	1.01713032630348
4524288	1.00534411902909	1.07665903695952	1.00362406284425	1.00691705382429
