1	1.14998880680546	1.36064472800537	0.790697674418605	0.73421926910299
2	0.968828376925833	1.02382658545324	0.934615384615385	0.911538461538461
4	0.979669631512071	1.09831639135959	1.10330578512397	1.05371900826446
8	0.996048438495857	0.945697896749522	0.946619217081851	0.99288256227758
16	0.976780508121616	1.11870054144107	1.15359477124183	1.09803921568627
32	0.994187630551267	1.07583325765144	0.976253298153034	1.07651715039578
64	1.09587597832631	0.910897049969898	1.18640350877193	1.03070175438596
128	1.16474814270553	1.01493999510164	1.02376237623762	1.07524752475248
256	0.974194402170317	0.968503937007874	0.858990944372574	0.902975420439845
512	1.0750700280112	0.98655462184874	1.00294985250737	1.12192723697148
1024	0.958700757743608	0.986174502592281	0.912621359223301	1.15911542610572
2048	1.03462635669082	0.99619634718169	1.06894150417827	1.14380222841226
4096	1.00538628833919	1.00495945039533	0.982795000811556	1.02077584807661
8192	0.988212601800257	0.990367671572129	0.926470588235294	1.08420014347202
16384	0.997953884705288	1.01438755754699	0.951219512195122	1.0030076601344
32768	0.991139026207083	0.898584682061353	1.08634548566094	1.05522999533268
65536	0.989167697901826	0.987730901351525	1.09177516671959	1.02904361172859
131072	1.00954974598453	0.993978663582876	0.995528751786424	0.958056845338694
262144	0.986801976515594	0.996327240847989	0.989490766407053	1.01303360263525
524288	0.993187658744441	0.89503726535871	0.996591762760917	0.981479548643728
1048576	1.0062779026337	1.00177363440731	0.993766137909694	0.959377488852477
2048576	0.998668359882022	1.00794150877176	0.973135205528462	0.970873751577294
3048576	0.999358101590874	1.00443530744704	0.977876956277447	0.931892854845587
4048576	1.0077483190851	1.00408584069586	1.12362177391443	1.07882615635855
5048576	1.01038611376686	1.00727859194763	1.11978073145363	1.12721257934131
6048576	0.998384468475333	1.00482077562166	1.01052004652112	1.01132871913082
7048576	1.00760872904872	1.0069067812364	0.964805956758757	0.968798890964248
8048576	1.0005104336174	1.00405404030254	0.959028146965906	0.973504167900846
9048576	0.995607617226374	0.989754540703247	1.01243901077661	1.03945589819177
