1	0.925637393767705	0.892882436260623	1.1044776119403	1.05970149253731
2	0.779863481228669	0.779553211293826	0.956521739130435	0.969565217391304
4	0.899822331556649	0.864015306819735	0.995633187772926	1.117903930131
8	0.944013683010262	0.950285062713797	0.786144578313253	0.88855421686747
16	0.926251097453907	0.855375528773246	0.752427184466019	0.83495145631068
32	0.813842196566369	0.79493928336424	0.877314814814815	0.997685185185185
64	0.846964402708015	0.879012884909369	1.0469387755102	1.03877551020408
128	0.782331792501284	0.938161273754494	1.13489208633094	1.01978417266187
256	0.904230828260091	0.880237376579526	0.894536213468869	1.06988564167726
512	0.987526797895147	1.00862404989281	0.971243042671614	1.00927643784787
1024	1.02613454960091	1.14590649942987	1.0145896656535	1.14346504559271
2048	0.963483599935369	0.883890773953789	0.933563146349107	0.960200564086493
4096	0.971533298424334	0.970628838006379	1.00166358595194	1.04824399260628
8192	0.971186571186571	0.924740124740125	1.00685725323546	1.07185628742515
16384	1.00814226576136	0.956775626205119	1.08481893443039	1.12859972573518
32768	0.987051287059099	0.986704620913246	0.985140784768045	1.00347554525764
65536	1.00074736863958	0.991301459444871	0.986168065714543	1.0766026918281
131072	0.996211300427924	0.993508694733176	1.00231520843416	1.0135707839008
262144	0.99460263767104	0.997975819654073	1.08488623065118	1.07000620644297
524288	0.993789490571626	1.00620639582716	0.921883363267637	0.891890380978435
1048576	0.991522925619453	1.00005354884188	0.938521448707809	0.956140933929065
2048576	1.00610977358775	1.00129007478387	1.01390256825326	0.977675927460904
3048576	1.00527315070979	1.0101141835056	1.02750752921835	1.03764990052222
4048576	0.991587451321223	0.986762148607027	0.99395294886873	1.06160225760406
5048576	1.00627191305904	1.01490119721303	0.985869948981038	0.981622555710066
6048576	1.00474789378329	0.996261526743891	0.936842916539994	0.924436298436274
7048576	1.00031210405876	0.816507005963661	0.996910703547034	1.04650848164141
8048576	0.995422573092363	0.99994240361037	1.09263631472012	1.08569056431473
9048576	1.01126507039781	1.0118123951765	1.04060712813862	1.01953111179142
