1	1.12554014100523	1.12849670229702	0.886363636363636	0.799242424242424
2	1.04860587792012	1.16258477769405	1.02283105022831	1.07762557077626
4	1.13571545648254	1.06376003933781	1.01762114537445	0.991189427312775
8	1.06008186980061	1.10378977947973	1.01003344481605	0.976588628762542
16	1.00128593735648	0.900248002204464	0.981865284974093	0.805699481865285
32	0.952845082023475	0.864300912897248	0.937728937728938	0.701465201465201
64	1.01145839964352	1.05232669170539	1.00194931773879	1.14814814814815
128	0.982177650429799	0.892492836676218	1.02631578947368	1.05098684210526
256	0.893928707069611	0.996961640714014	1.0	0.940104166666667
512	1.06335191214613	0.965399260526461	1.08654670094259	0.928020565552699
1024	1.07010211099942	1.07856727157293	0.930714675395527	0.977632296781233
2048	1.03290700195101	1.07461521786256	1.10963687150838	1.33275139664804
4096	1.03590772316951	1.05489802741558	1.0312558487741	1.29833426913719
8192	1.04715431896026	1.07640876460376	0.922999908983344	1.01565486484027
16384	1.06681958561962	1.04407663938113	1.03189598252832	1.05952562344456
32768	0.989272024361616	0.995584046753289	1.01147549476738	1.06333540565744
65536	1.02919368261685	1.02016616278687	1.08356512755305	1.18947521788657
131072	1.0069934376478	1.01427508670976	1.06049618204311	0.956774512014528
262144	0.99834038971318	1.00610450142593	1.03126673122665	0.954745597584559
524288	1.01769130641165	1.01094918483319	1.05506219422684	1.06583350311041
1048576	1.00783336624798	1.06177887365441	0.957407983748706	1.01910679251734
2048576	0.999527927819721	1.00670335932602	0.971883306647411	0.917445333103102
3048576	0.993327619029359	1.00622347864921	1.0211223644453	0.978227587738264
4048576	1.00071351626628	1.00907253959915	1.09359562444518	1.12525064368337
5048576	1.01374861967038	1.01815017717864	0.992809027594609	0.979326369709524
6048576	1.00264852453436	1.00998192018811	1.04098286326597	1.04883345980618
7048576	1.01522118529571	1.01743698668581	0.997802967498425	0.997981650980485
8048576	1.00472458486714	1.00907541654467	1.01865118158522	0.997251767267592
9048576	1.00951853897334	1.02425681278825	0.998117972574672	0.992197527211845
