1	0.811230203167493	0.787394016957287	1.22169811320755	1.11792452830189
2	1.10096870342772	1.07805514157973	1.052	0.952
4	1.07812980621347	1.01537988311289	1.07913669064748	0.91726618705036
8	1.0569627378138	1.03568614206912	0.872222222222222	0.872222222222222
16	1.0854634650142	1.09837335398916	0.855263157894737	0.875
32	1.04374144267493	0.970887079339915	1.04545454545455	0.896694214876033
64	1.0072737645297	1.02552948727091	0.942105263157895	1.01929824561403
128	1.0656253936264	0.983562161481295	0.953974895397489	1.10041841004184
256	0.995029344831716	1.13073421966703	0.981632653061224	1.06020408163265
512	1.01260045639448	1.00213314812977	0.877969762419007	1.08207343412527
1024	0.963885738588035	0.996881202154806	1.10520567892246	1.07972333454678
2048	0.98542095462119	1.00867391943546	0.956664933263997	1.06430923903623
4096	0.981722345953972	1.00308834446919	1.00756723591369	1.08170569587892
8192	0.97999460418421	0.972873762436947	1.00813910469848	1.06136039321389
16384	0.990118068134698	0.989280024442941	1.01289039079959	1.12121872785742
32768	1.00758529739036	1.00380982036148	1.06914518317503	1.00541383989145
65536	0.996103659590461	1.00028999258779	0.950445333677553	1.02243449077062
131072	1.00010678752041	1.00819212835156	0.970568473251379	0.985107584375108
262144	1.00424663253008	0.995992174214532	1.08011744265691	1.03586901440608
524288	0.999199736829983	0.998057625169054	0.996571179093247	1.02277481104635
1024288	1.00091295179689	0.997416284267997	0.983339884967104	0.981296809699176
1524288	1.0076025155408	1.00597347834912	1.02322696890672	1.01665030406405
2024288	0.992947127503157	0.997808768392853	1.03907601109538	1.14768990028066
2524288	1.00676497480324	1.01329355431106	1.10493166312378	1.0029733407103
3024288	1.00335234509999	1.00467076291488	1.03648541056415	1.06803778499824
3524288	1.00138502060645	0.915435310676016	0.950021990320182	0.996303689634278
4024288	1.00451882749279	0.99894013102512	1.02056300392159	1.0371668050005
4524288	1.00398335880549	1.00475471310426	0.995685304405216	0.967993576916133
