1	1.1976861167002	1.31388329979879	1.23529411764706	1.21008403361345
2	0.944182389937107	0.827044025157233	0.888888888888889	1.05185185185185
4	0.852649572649573	0.88034188034188	0.896969696969697	0.903030303030303
8	0.948114727682888	1.00999033193684	0.987730061349693	1.28220858895705
16	1.13809391497638	1.08613503751042	1.13526570048309	1.08212560386473
32	1.15552037989711	1.14424218440839	1.00955414012739	1.24522292993631
64	0.986380520016508	0.748968221213372	0.902597402597403	1.01136363636364
128	1.13937994722955	0.711411609498681	1.09742441209406	1.12653975363942
256	0.967752164124679	0.554618384754415	1.16261203585147	1.29641485275288
512	1.01688811418799	0.455600868249688	0.902076231794236	1.15525255655407
1024	1.0003471103067	0.389102389275944	0.999830795262267	1.22284263959391
2048	0.993285009857822	0.415508250976404	0.962575859743762	1.16343560350641
4096	1.00269532711852	0.388673739272304	1.0396892775278	1.1187282451821
8192	0.994040850417456	0.381279328956628	1.02514684287812	1.0473976178822
16384	1.00285621940987	0.383321384166248	0.981726061140093	1.0322422373309
32768	0.99536778261195	0.383879640120277	0.979716229035058	1.06570528992674
64018	0.997583814402255	0.382035124806895	1.00013566020446	1.05137426346747
95268	0.999101040236576	0.381624035050052	0.984342329368431	1.06279165570434
126518	1.00314693002924	0.382452572665912	1.07430100509072	1.15456206761519
157768	1.00083624864798	0.381598781974882	0.985308260157793	1.06979546505665
189018	1.00091717097829	0.38089388325811	1.00238466073581	1.07048124389536
220268	1.00358017412455	0.382099192587239	0.97862634643212	1.07493699963352
251518	1.00037749200138	0.381652851287068	0.99577651551585	1.05245624776537
282768	1.00157344919788	0.381548129049683	1.05097820848667	1.06042849230192
