1	1.05419695968275	1.1004626569729	1.0	0.931623931623932
2	0.958862673926195	0.918330308529945	0.9375	0.9296875
4	1.02971137521222	0.900254668930391	1.128	1.0
8	1.16803154382772	1.02001819836215	0.964539007092199	0.943262411347518
16	1.07712395543175	0.991643454038997	0.975308641975309	1.08641975308642
32	0.889791183294664	0.912993039443155	1.0	1.24742268041237
64	0.885063291139241	0.945443037974683	0.860869565217391	0.855072463768116
128	1.08378225120499	0.874492013987336	0.8	0.933333333333333
256	0.919933893596821	0.934526530468723	0.862478777589134	1.1748726655348
512	0.83215318914451	0.862653258024521	0.971751412429378	1.50564971751412
1024	0.927438250512545	1.00031728985649	1.18408551068884	1.64133016627078
2048	1.03930138891397	0.656997850705294	0.880157170923379	1.08055009823183
4096	1.01590260775814	0.714011365423059	0.686496133254015	1.17459845330161
8192	0.974836943393188	0.763151890919827	1.01785714285714	1.2062074829932
16384	1.03811340320729	0.940494796489019	1.03490480507706	1.12046690843155
32768	0.986006126367765	0.633385656374775	0.838525912482355	1.18990723936277
65536	0.994353414167445	0.884182594546696	1.00686603600854	0.982707761163666
131072	1.00587226626326	0.877806518161366	1.11441632363221	1.05151619381539
262144	1.00642749712358	0.739296121233424	1.02047024776655	1.00124451204757
524288	1.00133187781155	0.738548434335384	1.00955858866604	1.01708150782565
1048576	1.00205115245426	0.870917199878271	1.0117703137462	1.01311130969042
2048576	1.00180853351521	0.868775381204868	1.01496085367764	1.02189206617532
3048576	1.00348810165552	0.869427231728613	1.00394422978374	1.01624717552005
4048576	1.00216882378019	0.735072234514454	1.01044433477323	1.01369534692147
5048576	1.0029272262559	0.871091514610078	1.01410042656068	1.0094817597597
6048576	1.00306750363826	1.00301645800766	1.01887811744796	1.0159846613359
7048576	1.00210411631534	0.868730141525356	0.998459378640041	1.00847104783316
8048576	1.00223286522008	0.734820586913289	1.00444110702194	1.01437892407341
9048576	1.0011187556989	0.733268254226355	1.01417813907654	1.01279790871169
