1	0.894493844049248	0.985379616963064	0.94475138121547	0.903314917127072
2	0.930523479599692	0.971131639722864	0.993630573248408	0.830148619957537
4	0.985316119022552	0.926026486396631	0.887429643527204	0.928705440900563
8	1.03931203931204	1.00681259772169	0.906009244992296	0.852080123266564
16	0.992219380815061	1.01191577343707	1.06948228882834	1.23160762942779
32	0.954777101578348	0.895898273217555	1.04193254329991	1.01276207839562
64	1.04760990593204	0.973651372624304	1.01474758933636	0.952921157118548
128	1.08712798829078	1.07029598308668	1.0480413895048	1.27087952697709
256	1.02199211361523	1.03199435770846	0.995459928938018	1.07876036320569
512	1.01329660071492	1.03312766102775	1.03244775805944	1.07256116769925
1024	1.01049107142857	1.01661551339286	1.0809054478501	1.29990252355681
2048	1.00122794062741	1.00815584889693	1.02234652496154	1.0297021395609
4096	0.992261657718929	0.9891734611454	1.06554096473789	0.937506539709114
8192	0.993467113286627	0.999070466264582	1.0125934643655	1.09923255273117
16384	1.00767963745911	1.00748404842243	0.89516800888642	0.914437656206609
32768	1.00402532779277	1.02120176924289	1.0193130527168	1.02881553333674
65536	1.00059103409714	1.00128114688744	1.04314308301312	1.11453278446791
128036	1.02219963526011	1.01399094696709	1.04938821722211	1.14250255456943
190536	1.00761066783219	1.00510222193851	1.05890078786489	0.998057567568427
253036	1.00892904178937	1.01562216591107	0.998421066702593	0.968222132639833
315536	1.00301234327147	1.00908617736106	0.986821962251469	0.966961415371624
378036	1.00507040737066	1.00684083660458	1.19866200842852	1.07489154980968
440536	1.00355630397678	1.01592283085202	1.04484892268442	1.00662350833501
503036	0.987461206643197	0.995139809472481	0.972674875060048	0.952071566494978
565536	1.00600508715573	1.06413783086544	0.942183995954319	0.945807132207848
