1	0.899236788716066	0.938749879238721	0.978723404255319	0.945288753799392
2	1.00845379998309	1.00076084199848	0.898876404494382	0.844943820224719
4	0.975871313672922	0.967307119451892	1.08125	0.93125
8	1.02900034118048	0.836847492323439	1.04501607717042	0.934083601286174
16	0.981192334989354	1.01142654364798	1.01597869507324	1.05592543275632
32	1.10224739410737	0.877628487075978	1.00265721877768	1.10717449069973
64	0.99841010053776	0.968014963759645	1.11326468806784	1.08540278619019
128	1.04631948857901	1.06886238737897	1.15821119879744	1.34686208192409
256	0.998744653152316	1.00469592709689	0.875840053763441	0.984038978494624
512	0.992273204235429	0.992682029408157	0.935974115109324	1.01225610353956
1024	1.01364504475483	1.00873620347147	0.993884950484334	1.04702635423995
2048	1.01100904141669	0.996036584139094	0.998054690973766	1.09882169853268
4096	1.02395612733246	1.0019030665844	0.854294385799446	0.869699278122393
8192	0.990512232037437	0.992274336367074	1.0971123675116	1.04711019853377
16384	1.00254544672939	1.0020999801179	1.0006630899994	0.971891012116463
32768	0.99960641095485	0.997512291250513	0.956791429244677	1.00534735015638
65536	0.993491563731394	0.994319738860351	0.896935015526483	0.950712706521123
128036	1.00223902843732	0.898954141772683	1.02383363906392	1.12154755531697
190536	0.996730646996641	0.893243945241567	1.04267049649491	0.988480310543468
253036	1.0027591191648	1.00163974305909	1.11522987812214	1.1204483722812
315536	0.997447084440602	0.788691972395532	1.01994802658189	1.01493680560202
378036	1.00003933577516	0.894620623303242	0.943212328616387	0.952067128697145
440536	1.00207227425589	1.00184318459646	1.04796984977561	1.06524106668649
503036	1.00013970471302	0.999609761283239	0.99535594702095	0.995748841473124
565536	1.00253550729672	1.00209797127538	0.908344688180767	0.958190701962133
