1	1.01527671022291	1.05524596464258	1.18518518518519	1.03086419753086
2	1.00607215985314	1.00529548824402	1.18243243243243	0.927927927927928
4	1.02174189446917	0.969230769230769	1.01836734693878	1.0734693877551
8	1.05049396267838	1.04585925112819	1.11921708185053	1.03202846975089
16	1.04160333277037	1.00264594944548	1.03703703703704	1.01851851851852
32	0.99931061650581	0.969519401221194	1.03497757847534	0.975784753363229
64	1.06418596582531	1.06383901465869	1.12882653061224	1.17984693877551
128	1.01260178363707	1.11645340571281	1.01704347826087	1.1304347826087
256	1.02419841451489	1.01516822371569	0.960311431826813	1.17052791492594
512	1.01563913174555	0.931137574113154	1.02473863989235	1.0841527792154
1024	1.01036903639715	1.01767097654656	0.988997423787033	1.05055817947617
2048	0.991458568342513	1.00307815944497	1.00967536247955	1.04316486928558
4096	1.00649616555129	1.00501006434645	1.09690535351254	1.10707025073413
8192	0.987895972587133	0.904268946251982	1.01439446270208	1.02041599508788
16384	1.00231450833618	0.994788033522578	0.948017450025398	1.06271849881973
32768	0.989772289932615	0.999094739695615	1.04623047636427	1.01860085103559
65536	0.99584327157538	1.00051331361113	1.01018332280531	1.12509519178355
128036	0.998854488399667	0.996133031308402	0.946010146778409	0.926476047405887
190536	0.998562666846394	0.906745890495847	0.975508628229294	0.986089601213056
253036	1.01104207429755	1.00465489224964	1.02248831213674	1.07059031384082
315536	1.00672789689995	1.01041404281396	1.02213331445985	1.00550961590338
378036	1.0034871994159	1.00001170801084	0.991411855735414	1.06738670206157
440536	1.00313939178884	1.00066851185212	0.96647555038468	1.00196720616335
503036	1.0005980580141	1.00027969752517	1.00819416019986	1.00799290339254
565536	0.990846106095346	0.994788940996042	1.00468540369184	1.03310057525667
