1	0.976732267322673	1.01670766707667	1.0049504950495	1.01485148514851
2	1.01550897640756	1.06118996146254	1.01170960187354	0.903981264637002
4	0.917660370789451	1.02985464357211	1.20901639344262	1.02049180327869
8	1.02347927807487	0.948529411764706	0.904530744336569	1.03074433656958
16	0.910417109269882	0.899794632108208	0.977363515312916	0.982689747003995
32	0.986025631742814	1.0009412786909	1.06324110671937	1.07213438735178
64	1.20985783358591	1.13884679223497	1.19195849546044	1.17380025940337
128	1.25670155731427	1.0400178708195	0.996747967479675	0.964552845528455
256	0.985985044443399	1.02619573907727	0.96747322491075	1.09639032130107
512	0.886880944571991	0.976615283699574	0.99628329547801	1.06349370225067
1024	1.00445901948757	1.07615722172415	1.10334645669291	1.06342957130359
2048	1.0314389021513	0.990897795647136	0.998592183804483	1.1033618650749
4096	1.00616168635627	1.01270944328623	1.00875223124316	1.03256175505269
8192	0.994765136305564	1.01238198742305	1.08211919595295	1.01855601730013
16384	1.003513512328	1.02707948608851	0.968659571337486	1.0476179485478
32768	1.01898062296756	1.00973778745286	0.995841268607408	1.02849341765545
65536	0.993288746883467	1.10216018632945	0.958401611429191	1.0146706978848
128036	1.01018603464815	1.01651501251212	0.96408914449431	0.951832425123049
190536	0.980740994584435	0.99287310986208	0.993074813859168	1.00197088901164
253036	1.00005965769122	0.996538972268431	1.03588286536959	0.969457464882174
315536	1.0110631680185	1.00625355328987	0.953027640105617	0.925637348973322
378036	1.0153764172646	1.12275943769751	1.08077777904935	1.08238058761767
440536	0.997571027755551	1.00474623358353	1.12794220925659	1.15111215490092
503036	1.01727121316192	1.02904341440281	0.947766966564011	1.01775002636999
565536	1.01627221609141	1.12833626191375	1.0214730705877	0.935081494374937
