1	0.909663087745279	1.03850425768234	0.918367346938776	0.863945578231292
2	0.875667429443173	0.92651919654208	1.16279069767442	1.03875968992248
4	0.96269592476489	1.0307210031348	1.06164383561644	1.30821917808219
8	1.0105122324159	1.01634174311927	1.08333333333333	1.20588235294118
16	1.05898382060744	0.844734601192166	0.967948717948718	1.0224358974359
32	0.917202508533778	0.891720250853378	0.731019522776572	0.839479392624729
64	1.03477730323368	0.988825021675605	1.14450867052023	1.02312138728324
128	0.930085533655634	0.903708229293949	0.898255813953488	1.16279069767442
256	0.965221785267043	0.968736955423248	0.955252918287938	1.2227626459144
512	0.998773787721952	0.898240305756828	0.737246297312123	1.20844761382337
1024	0.983705647744415	0.886476824202848	1.32368896925859	1.58092224231465
2048	0.989623123150831	0.98438855160451	1.25359982806791	1.60606060606061
4096	1.01024781591018	0.866131125860253	1.04042750929368	1.27009758364312
8192	0.984773416984647	0.876389854540876	0.95693490799231	0.973304037352376
16384	1.00785652096894	1.00858017269647	1.13080578958738	1.22907215381292
32768	0.999383674671746	0.872656128599878	1.03674273518306	1.06142395884639
65536	0.997485704440695	1.00139514648797	1.0132556849695	1.02033983764433
131072	0.999359583422533	0.875642083381923	1.00725837844634	1.01943707672556
262144	1.00088200901053	0.747087838028464	1.00078126116513	1.01438544758166
512144	0.999968030323597	0.747915826617934	1.00538943500818	1.01823998069309
762144	1.00155862754897	0.875294984316911	1.00543955391853	1.01161063975754
1012144	1.00004821495616	0.999852438776515	1.01272722673377	1.01263915768513
1262144	0.999424552971283	0.873811518879548	0.999064496579558	1.00630806621589
1512144	1.00039761025063	0.873634328054096	0.991880795055382	1.00683891253328
1762144	1.00022278468886	0.748034804028863	1.00689657655387	1.01378127208003
2012144	1.00104995687606	0.747510400421745	1.00899573548916	1.012973667673
2262144	1.00064982707918	0.874343766902396	1.00624400865608	1.01159977346914
