1	0.989594172736733	0.992022199098162	1.08571428571429	0.885714285714286
2	0.997096859329639	0.955133280548958	0.879746835443038	0.860759493670886
4	0.977035490605428	0.957202505219207	0.877005347593583	0.903743315508021
8	1.01406649616368	0.994976251370113	0.888888888888889	0.962962962962963
16	1.00459052515608	1.02178969274085	1.07773851590106	0.957597173144876
32	1.05551197452817	1.00876747727378	0.867167919799499	1.08521303258145
64	1.08742043489459	0.976857132344825	1.12218045112782	1.27631578947368
128	0.983093207880035	0.983460746839165	0.785619174434088	1.07057256990679
256	1.00551369863014	0.993595890410959	0.712811693895099	1.38950988822012
512	0.98905002444191	0.954049209711585	0.800675675675676	1.03997747747748
1024	1.12753550602798	1.15479554967266	1.07094188376754	1.55991983967936
2048	0.992479632337581	0.947696887403384	0.915977696596808	1.37627379350125
4096	0.946431836187458	1.06583785321064	1.10910354412787	1.13574241371323
8192	1.02399573950091	1.15993609251369	1.24881698426909	1.24127126230976
16384	0.966603433118956	1.1671679082034	1.05277837373954	1.15047736537224
32768	1.01019938780957	1.02753153235012	1.06837421053267	1.11208926565953
65536	1.00069263114021	1.11267514986576	1.04635251767359	1.04101249078371
131072	1.02485746256727	1.03094194596899	1.00841891745522	1.03351319948403
262144	0.999292165329834	1.11487944770246	1.01190160686959	1.02109680421399
512144	1.02476563826228	1.23196802621015	1.01156406287547	1.01382969312035
762144	1.00607681339371	1.01163672193852	1.00483296880745	1.02733544004444
1012144	1.00764630530279	1.11864023518733	1.00636529962465	1.01193184145102
1262144	1.0031933459101	1.11221375712439	1.0100001733309	1.01594924667332
1512144	1.00536988768209	1.12211640389303	1.01380781033951	1.005863363676
1762144	1.00942288281865	1.01372023308726	1.00782550060546	1.00561142832777
2012144	1.0036064447965	1.2340983466982	0.99838271637754	1.0075333169817
2262144	1.01231532179413	1.23407819201611	1.01007993274343	1.01052637130546
