1	0.846563192904656	0.890909090909091	1.03478260869565	1.37391304347826
2	0.87466307277628	0.943059299191375	1.0	1.00813008130081
4	1.08353016963711	0.958771741464462	0.987654320987654	0.91358024691358
8	0.981386092250058	1.01861390774994	0.785046728971963	0.873831775700935
16	1.00973219679173	1.06591046378952	1.24696356275304	1.39676113360324
32	1.01313690213517	0.957737872976	1.01160092807425	0.983758700696056
64	0.956833784064905	0.838031343180085	1.19926873857404	1.42230347349177
128	0.973679389312977	0.799947655398037	0.844943820224719	1.30561797752809
256	0.999664196440482	0.539438518048291	1.05245588936576	1.30185979971388
512	1.02599425359634	0.333492149483888	0.969241285030759	1.07963089542037
1024	0.98673483744402	0.25190933923722	1.1029722267338	1.15218450544096
2048	0.984355431315431	0.217595507673903	0.967452300785634	0.986681631126076
4096	1.00115566035238	0.240124718102556	1.13560490045942	0.86937212863706
8192	1.01637718945574	0.241676381644675	1.05785279834033	1.01214107218634
16384	1.02261631153706	0.263339956035159	1.04523397775082	0.973917869034406
32768	0.987604920220679	0.268804542788408	1.06062790155385	0.884976575583491
65536	0.957581358332701	0.32009644408259	1.02981751351861	0.992310984924347
131072	1.03428119895799	0.426800112709397	0.99865389168506	1.01357373618568
262144	1.00733732757848	0.455927803906479	1.01431173195896	1.00435876493837
512144	1.00932815716265	0.421435174199404	1.01925335194043	1.00699061759013
762144	1.00987951965252	0.412134609473919	1.00318490494662	1.0109231206214
1012144	0.998130359831314	0.403578929083012	1.01128410887208	1.01374461035614
1262144	1.00559396046508	0.40281121971423	1.01169537101898	1.00593963086278
1512144	0.999653230860781	0.399440274354515	1.00320746341725	1.00497297720978
1762144	1.00099696717878	0.402866170997759	1.00830541946501	1.00066932057144
2012144	1.00276920219453	0.403950434045319	1.01031746769796	1.00862901019364
2262144	0.999779379531329	0.399456714229083	1.00484296632881	1.00727420916561
