1	0.966176470588235	0.96078431372549	1.04385964912281	1.04385964912281
2	1.00233879051119	1.07751419979953	1.10084033613445	1.26890756302521
4	1.07911536707706	1.04286365709074	1.2	1.44615384615385
8	1.01133731561624	0.983664512983055	1.13978494623656	0.860215053763441
16	1.04297230984928	1.04830003505082	1.30196078431373	1.22745098039216
32	0.999929180978011	0.989554194256577	0.649253731343284	0.927238805970149
64	1.00305439022595	0.851162876278796	1.2201166180758	1.31049562682216
128	0.997874073632553	0.679134132045856	1.29661016949153	1.30254237288136
256	0.973203494049033	0.337107117409548	0.863511029411765	1.12821691176471
512	0.975144221609348	0.272916946468562	1.17372457485829	1.58719573191064
1024	1.00175533007837	0.28784673639717	1.02004909983633	1.11824877250409
2048	0.975959397015378	0.261498371335505	0.946867102961187	0.965852394220178
4096	0.99664573353325	0.326681946120953	1.00240933299518	0.997844281004311
8192	0.991412615881251	0.389793769428862	1.02462902384677	0.981510453705021
16384	0.939788464147996	0.376951161267506	0.89767318574178	0.763492411058994
32768	1.0449503325225	0.488044374707846	1.08247469406255	1.00296872639372
65536	0.966425556944595	0.603420808489257	0.980015347021486	0.961885746640045
131072	1.01832669564216	0.667736577618554	1.0140459655932	0.968687855326739
262144	1.02158338537902	0.868962495963386	1.00326158529647	0.998422836506625
512144	1.00274927437244	0.988681883084434	1.00170101742521	0.994993931389762
762144	0.992726813122249	1.04524501503093	1.01188085891275	1.00648853685391
1012144	1.00442364116355	1.08161699263689	1.00326107294646	0.998405103668261
1262144	0.984332440053651	1.07618755643955	1.00148067999589	1.00856141738849
1512144	1.01584569584844	1.10414130197983	1.01651435874177	1.01044915437868
1762144	1.00716374484319	1.11972182701914	1.00724376521074	1.0102960719372
2012144	0.998528943073467	1.11543005203228	1.00450450340861	1.00397656539096
2262144	1.00797216959315	1.13224468265356	1.00814098966372	1.00649005607263
