1	1.03399258343634	1.04140914709518	1.07826086956522	1.03478260869565
2	1.08456444218034	0.915435557819664	0.991803278688525	0.909836065573771
4	1.08917197452229	0.934713375796178	1.08870967741935	0.862903225806452
8	1.07072368421053	1.06743421052632	0.97887323943662	1.03521126760563
16	0.966314500076558	0.916092482008881	0.80225988700565	0.909604519774011
32	1.02674366948023	0.801066192803199	1.11004784688995	1.2200956937799
64	1.03242909352962	1.02723014361456	0.960526315789474	0.96578947368421
128	0.972266976572198	0.624838224030005	0.739069111424542	0.928067700987306
256	1.07019787942301	0.810658365183085	1.56456456456456	1.23573573573574
512	0.834788431965871	0.481513633282074	0.738372093023256	1.43313953488372
1024	0.790086237570598	0.430502092862272	0.898543445504771	1.0190858864892
2048	1.17489934629205	0.534421403523962	1.01317194731221	1.20291918832325
4096	1.09304886345305	0.564703572004685	0.852261790182868	1.20259865255053
8192	1.01392883110682	0.510884781924533	1.16933015980959	1.38796327779667
16384	1.11706524444097	0.521804261797528	0.87611175994969	0.872248674871979
32768	0.992571651665888	0.59010924656818	1.03586682729164	1.29032964625999
65536	1.04393748374931	0.646516180766617	0.818186061709378	1.13128413387481
131072	0.951657113759292	0.660834735737395	1.11256022121497	1.2343424841073
262144	0.980212937554778	0.908099419356599	0.945856074605699	0.951738364347415
524288	1.00498922465543	1.02388134514719	0.99776626320484	1.00988790656424
1048576	0.997955634792428	1.03375213664358	1.02113638128754	1.00173664382123
2048576	1.00655655904794	1.06297153155543	1.02765228733614	1.01656187204252
3048576	1.00329356488714	1.05326322089589	1.01685089536346	1.01347120981459
4048576	0.99864749490783	1.0661667064666	1.00202252501422	1.0046770890954
5048576	1.00246841018547	1.0676414143223	1.01126431546941	1.01013407985855
6048576	1.00294646693108	1.07321763623331	1.01353939310017	1.02006844310423
7048576	1.00227258614898	1.05568379281017	1.00760766580575	1.01358848690979
8048576	1.00187530600125	1.07364427168896	1.0100796515421	1.01018073303021
9048576	1.00172645293464	1.07817442696914	1.01060957700954	1.01382305178796
