1	1.30692690394183	1.05606582472254	1.04608294930876	1.17972350230415
2	1.04277188328912	1.13246021220159	1.08786610878661	1.13807531380753
4	1.00682043650794	1.0265376984127	0.975460122699386	1.00920245398773
8	1.0562331838565	1.02959641255605	0.880829015544041	0.968911917098446
16	0.967692944912329	0.954024575452161	0.892857142857143	0.939732142857143
32	1.02619988706945	1.00880858272163	0.983783783783784	1.13153153153153
64	1.18182311743309	1.14854226613823	1.04160246533128	1.13251155624037
128	1.00901643095794	0.826399377545883	1.03680203045685	1.0
256	1.06734164291488	1.02050453056536	0.914569031273837	0.91304347826087
512	1.03239155251142	1.04416381278539	1.01268011527378	1.25821325648415
1024	0.947224177813537	0.953560293673941	0.966432225063938	1.2170716112532
2048	0.974740746075184	1.04666570646695	0.969868840836583	1.13736263736264
4096	0.995237373628039	0.999631978871258	0.995842956120092	1.16184757505774
8192	1.00519245753467	1.03035063113605	1.12165853658537	1.04863414634146
16384	0.998695471374148	1.00952741857595	1.01083803999389	1.0896046405129
32768	1.00418997317585	1.00840593874114	1.08316862181379	1.03618091742177
65536	1.00533000589654	1.00528642667262	0.99300083236629	1.00804418224569
131072	0.995276315588921	0.99604827957828	1.07697821260835	1.15011602092839
262144	1.00461937589568	1.00929724499288	0.993949888108576	0.976477425965577
524288	0.993901431320576	0.998520493507372	1.0311053255397	1.05992118565944
1024288	1.00260188493116	1.01358109315547	1.01429948986041	1.00874649705331
1524288	0.999011690093503	0.895695506208351	1.03175764506294	1.02079162876292
2024288	0.998826176036467	0.894356988820049	0.924350098381565	1.02253256702001
2524288	1.0036087945721	1.00887877392627	1.04574261171412	1.0012483527585
3024288	0.996283860003539	1.00114518710738	1.06445827151232	1.04619724168411
3524288	1.00690738914093	1.00318695780837	0.889460667517261	0.972976335246716
4024288	0.996728116467776	0.995606605454881	0.998187711303507	1.0204297814293
4524288	1.00992441899247	1.0066098698344	1.00901805149669	0.986762668136127
