1	0.944237258035873	0.922571479310957	0.950207468879668	1.0746887966805
2	0.895296584781306	0.922408627920911	1.0	0.98744769874477
4	1.06310254163015	1.02241141855515	1.17054263565891	1.2093023255814
8	1.04121179039301	0.964883551673945	1.18131868131868	0.892857142857143
16	1.03363975486278	1.06228350652811	1.0709219858156	0.988179669030733
32	1.04249533457745	1.05950413223141	1.218	1.09
64	0.94476172643011	0.896826139874544	0.920634920634921	0.940836940836941
128	0.991025818031203	0.968935523954163	1.09933774834437	0.932671081677704
256	0.998168988924616	0.991291532690247	0.946564885496183	1.21374045801527
512	1.03088466959622	0.988226515214327	0.914455626715462	0.863677950594694
1024	0.990327513246328	0.987767149105651	1.07214611872146	0.979299847792998
2048	0.947653476379279	0.933322967685092	0.99875798438609	1.05074520936835
4096	0.982198126337218	1.08148979040735	1.03934956427994	1.11526367801635
8192	0.995016213078971	1.00614456767226	1.00434633979587	1.06353469746545
16384	0.981859865531429	1.0209962407466	1.07197969287994	1.03435622910855
32768	0.98074039188469	0.988882967516453	1.00651860249407	1.11859734102855
65536	0.991394288012327	1.00705582529207	0.935612979790341	0.983786896880708
131072	0.989822681807334	1.0734724754806	0.958096547038112	0.96126999814689
262144	1.00685577505123	1.02280228978679	0.96762327592038	0.989285648401518
524288	0.996112506795479	1.0610680098765	0.970629308385045	0.939695539787797
1024288	1.00718316685376	1.00709734459696	1.03204363311985	1.01569691361427
1524288	1.00878277726463	1.00879775439414	0.947060854916825	1.01826826700358
2024288	0.997047474745245	1.00915073877394	1.01156375345512	1.04238547246403
2524288	1.00883609788984	1.074539034566	1.04097911747474	0.988309723709577
3024288	0.993831823874848	1.00924564421848	1.05965011697181	1.08239453504597
3524288	0.994928647967961	0.98854034999249	1.03503863940774	0.953424376017118
4024288	1.00926203570211	1.08497487278511	0.990055554916983	1.01801638767137
4524288	0.998564915286286	1.06796455161679	1.07819602117582	1.04469883361341
