1	1.00325556158437	0.945198046663049	1.09821428571429	0.964285714285715
2	0.93715710723192	1.09925187032419	0.902654867256637	1.10619469026549
4	1.04694113120431	1.02500961908426	0.818840579710145	0.920289855072464
8	1.04172397982577	0.998853736817973	1.10958904109589	0.972602739726028
16	0.954784292035398	1.0641592920354	0.852040816326531	1.1734693877551
32	0.989148051581988	0.777675991825805	1.04895104895105	1.04195804195804
64	0.978139980824545	0.684678811121764	1.32142857142857	1.39835164835165
128	1.02120750887874	0.791943176052765	1.14940828402367	1.22337278106509
256	0.949723484199817	0.35184494968319	0.922362869198312	1.27088607594937
512	0.997609181600347	0.217987960138732	1.27520891364903	1.41114206128134
1024	1.09596129694272	0.249237490596504	1.09485637942552	1.31162324649299
2048	0.829790674245345	0.142237036852775	0.898038579996758	1.14037931593451
4096	1.04366904616111	0.285207736171096	0.836341756919374	1.31267549137585
8192	1.10647426852879	0.26277820763734	1.19716055397035	1.2276428422298
16384	1.10277737734852	0.350020021463008	0.941690962099125	0.975853198422226
32768	1.03587258474336	0.419955727811078	1.03556061361936	0.952653404839112
65536	0.953181310626948	0.487636027511559	1.00075335936779	1.05079794594262
131072	1.0160373239226	0.593136345964052	1.03642157121227	1.04086974862713
262144	0.93866282773384	0.666917625349837	1.01490891422107	1.04300144628805
512144	1.00748741181146	0.715027966953635	1.03090960474787	1.0567806532359
762144	0.989802781059711	0.742637462510224	1.01430565247732	1.06984883825123
1012144	1.0157660809312	0.734221135674634	1.02379945393635	1.03718895929806
1262144	0.997727409033375	0.736447481389821	1.04289372572613	1.03952921845057
1512144	1.01025495506116	0.732687953693949	1.01882458790859	1.03412365601398
1762144	1.00466675146415	0.745321699316794	1.01923221574522	1.04568929660954
2012144	0.995765933653105	0.746746609321541	1.01772871774099	1.03277040115567
2262144	1.01568228439419	0.754695253530321	1.01858174773903	1.03610527456768
