1	0.880863206705903	0.915641162832174	0.940239043824701	1.0796812749004
2	0.918990911939831	0.910372923848323	0.948453608247423	1.07560137457045
4	1.06931659693166	1.03988842398884	1.05537459283388	0.973941368078176
8	0.959477498093059	1.03299008390542	0.955112219451372	0.920199501246883
16	0.999532335649385	1.01449759486905	1.02529182879377	1.13229571984436
32	0.989598750205558	0.660746587732281	0.943509615384615	1.08894230769231
64	1.0183575603177	0.503996203606574	0.857518056467498	1.0236375574524
128	1.05587347830611	0.368030679132542	1.01240238860818	1.18144235186036
256	0.915252194524235	0.314916738645722	1.03768980477223	1.20281995661605
512	1.04550515526814	0.289732170093344	1.04047016812974	1.02990626394882
1024	0.977571251548947	0.287403695921556	1.20296944730518	1.05569859251631
2048	0.999065201378085	0.273235361152676	1.22312063946773	1.02097675922931
4096	1.0066471315173	0.269909172927771	0.929727119053369	0.941640505513966
8192	0.995894570284101	0.259045283948707	0.910172832810072	0.895862234414277
16384	1.00286373000032	0.25182358654698	1.00380342852621	0.998684379729556
32768	1.01026890652749	0.249491680130078	1.02532044223752	0.939752360249771
65536	0.996019269612942	0.245332371109117	0.990453111734576	0.874465728470305
128036	0.998213532300883	0.243100267727151	0.940209444399752	0.897649126736629
190536	1.00297367314036	0.244218946380784	0.855782630404085	0.782524711619137
253036	1.00500892967618	0.239674173757345	1.30339989213963	1.13143570501504
315536	0.996692291567444	0.243878762853521	1.13659753887287	1.17116983163845
378036	1.00468110949851	0.243502717006432	0.978435367435847	1.0017850657028
440536	0.993907570828977	0.24311410394623	0.984400391476265	1.03202500443986
503036	1.00526260543055	0.243511834096087	0.960367010343811	0.917328853480159
565536	0.991836484107149	0.241004434308833	0.959614816642762	1.04245651187162
