1	1.06029862174579	1.0666156202144	0.919298245614035	0.803508771929825
2	1.04899777282851	1.02861058763063	1.04362416107383	0.869127516778524
4	1.01655487369773	1.05351791066077	0.955974842767295	0.977987421383648
8	1.10499669821704	1.06911732335461	0.960687960687961	0.982800982800983
16	0.956349738500737	0.901636046667561	0.956666666666667	0.945
32	1.01819165764716	0.683373574223628	1.11883691529709	1.09481668773704
64	0.969724191512091	0.460158298533553	0.935960591133005	1.00703729767769
128	0.994520508334899	0.414344991108477	0.986724076067456	0.902404018658055
256	0.974149882543228	0.317710940809489	1.12942122186495	1.16237942122186
512	0.974456053574902	0.344402145219107	1.23511018463371	1.17123287671233
1024	1.0201318644893	0.360980334270783	0.879709035222052	1.02993874425727
2048	1.03078415954225	0.397219387328303	1.03075784366133	1.02130021793659
4096	0.992023511230476	0.390345316508875	1.00495710200191	1.14180171591992
8192	1.0003122542321	0.42426882231464	0.87078979141513	1.08346517340439
16384	0.988006479428363	0.426080521424049	0.945638020833333	1.06820349178404
32768	0.990889518739755	0.420607931858759	1.03972585837512	0.91300378010342
65536	0.989338412616513	0.419911276120826	1.08098251799618	0.911716762156604
128036	1.0151357030743	0.426001203020313	0.983907583518312	0.885268028315042
190536	1.00637973103511	0.431411615082744	0.979069550575807	0.761221459787783
253036	1.00037356295456	0.426049613370366	0.993287183680991	0.869109296352181
315536	1.00737054703064	0.425972286716965	1.01213352279706	0.970047232325374
378036	0.996013890824903	0.425810356752702	0.944046808626385	0.86536395165112
440536	1.007794692238	0.427525919180962	0.95237634235294	0.943864860093873
503036	1.00312140649024	0.428647666822472	0.990816791706306	0.797986472997595
565536	0.995847255000927	0.426853267812231	0.835381250887322	0.839291545940814
