1	0.990317583268784	0.932223082881487	0.928571428571429	1.13492063492063
2	1.0586387434555	1.01012216404887	1.21186440677966	1.16101694915254
4	1.05164636896707	0.958276950834461	1.24031007751938	1.16279069767442
8	1.01505597735169	0.946596319649981	0.814070351758794	0.954773869346734
16	0.99677949842401	1.04337398931068	1.18532818532819	1.43629343629344
32	0.999462962299953	1.02552719200888	1.35755813953488	1.00290697674419
64	1.05415266442631	0.974210273643783	0.982993197278912	1.22619047619048
128	1.01424995002523	0.829781158082111	1.06109022556391	1.21428571428571
256	1.00113792612963	0.316708548670049	0.906266456029489	1.08478146392838
512	0.988257567386388	0.337669831868599	1.66207396664249	1.83067440174039
1024	0.966313362492795	0.222743023768352	1.24952948557089	1.24921580928482
2048	1.00195359524544	0.205201023173291	1.02667262703025	0.926911041573536
4096	1.03249509259234	0.210583073743526	1.01874152952565	0.787957405614714
8192	0.997414038803321	0.247214646365172	1.02357546568142	0.925227067801456
16384	1.03523889401098	0.271121089301528	1.07992565055762	0.989178025609252
32768	0.996053236007662	0.283157663332916	0.961294391234086	0.835146427022979
65536	0.996208299746381	0.370343697889289	0.970312522534216	0.955872596951211
131072	0.985582339409427	0.453188919348031	0.979948944759417	0.974565139956662
262144	1.05937392972413	0.607483315669679	1.00030513847542	1.00496791807974
512144	1.00537448867855	0.678355999397802	1.00907620885713	1.00666371081321
762144	0.983790703240003	0.699586837966054	0.997767062502668	0.998802316014585
1012144	0.987740152527771	0.708621696898535	0.99732868358841	1.00377925584132
1262144	0.986677411626861	0.736945219038779	0.997283140525519	0.996682590001436
1512144	0.994797946918115	0.749932964955888	1.01389154348956	1.00822289830901
1762144	1.00180065813046	0.750366085234231	1.00640132267002	1.00206996512969
2012144	1.00948472867067	0.762936591887842	1.0067778096588	1.01344466514869
2262144	0.99546184911475	0.770188202886744	1.00133775112964	1.00380154731942
