1	1.12434782608696	1.04608695652174	1.04347826086957	1.09565217391304
2	0.852860201896604	0.867849495258489	1.45967741935484	1.05645161290323
4	1.11059500110595	1.06525105065251	0.885350318471338	0.929936305732484
8	1.02830313450602	1.10646739849226	0.769607843137255	1.23039215686275
16	1.07033426183844	1.08057103064067	0.913494809688581	1.00346020761246
32	1.01267945090642	0.982674910056237	1.29512195121951	1.14878048780488
64	1.01395037387002	0.978479223243183	0.713950762016413	0.643610785463072
128	1.0098857538009	0.659608660504709	1.00214438884918	1.02144388849178
256	0.970689900839618	0.313671889430105	1.26534090909091	1.52443181818182
512	0.99562732995172	0.274393448634114	0.87743871935968	1.27013506753377
1024	1.02832055645766	0.285469491631277	1.12516751541142	1.04636826588046
2048	1.05416124780187	0.273737563521817	1.11160964666293	0.968432016665331
4096	1.06139050917946	0.331133522777997	1.00015631716753	0.985540662003205
8192	0.973078729249337	0.363684284674446	0.773537740455034	0.731471535982814
16384	0.971772456817505	0.37634544750692	0.978032024990159	0.849271755279298
32768	1.03386022096116	0.421330322865929	1.07698163837549	1.01163053637652
65536	1.00142388984258	0.480017876375802	1.00297184246544	0.991814938410199
131072	1.03473697580428	0.602078644549772	1.01734429721529	0.991198695714839
262144	1.01233877311624	0.721791349499754	1.01352939632743	1.00247906153696
512144	1.01160299860101	0.929917974183715	1.00016620469675	1.00221622091358
762144	1.00214972370378	0.952044863167914	1.00202311633634	0.999194502919331
1012144	1.00329776232837	1.04430444302875	1.009810705693	1.00827782796366
1262144	1.00190504203246	1.09515217825321	1.01772296215862	1.00560910116275
1512144	1.00190864770006	1.1026424608555	1.00492087159551	0.996190639660371
1762144	1.00439188654489	1.12687744620992	1.00217506224385	0.999278710773247
2012144	1.00018383309225	1.08687686116191	1.0048829517914	1.01081751356089
2262144	0.998597318038206	1.09831154787081	0.994525282756072	0.998880297704306
