1	1.08457711442786	1.06529850746269	0.973451327433628	1.16814159292035
2	1.09833422890919	0.983342289091886	0.8515625	0.9453125
4	1.0484308407594	1.00697404106935	0.948275862068965	0.982758620689655
8	0.972151898734177	0.912658227848101	0.953020134228188	0.959731543624161
16	1.00221540558964	1.01244035446489	0.987951807228916	1.0421686746988
32	1.13072714839298	1.05755641668566	1.0353982300885	0.951327433628318
64	0.940362304091187	0.945790080738178	1.01805054151625	0.981949458483754
128	0.980316418858141	0.914863220276205	0.772511848341232	0.898104265402844
256	0.875642572973939	0.952527826203567	1.04621072088725	1.26247689463956
512	1.12347725200961	0.89728184304301	1.02511773940345	1.46310832025118
1024	0.965525103743901	1.06329517989876	0.69360568383659	1.20337477797513
2048	0.953715682046859	1.0200876814719	1.038950042337	1.62997459779848
4096	0.915978144989339	0.93060367803838	0.944688644688645	1.26263736263736
8192	1.04069997363564	1.02877010282099	1.01327328750889	1.4740459824603
16384	1.04965229861731	1.0226479422031	0.875145857642941	1.04294049008168
32768	1.12172524680114	1.2672423486024	1.25003368818219	1.11036248484032
65536	1.02313443995813	1.25895020188425	1.00512678398226	1.17510738534017
131072	1.04867378359911	1.31782161524195	0.859834682448461	0.857389156538113
262144	0.993501342596014	1.51370926021728	0.985885782681346	1.00450327672635
524288	0.992347675425931	1.50375134539154	1.04566112064792	1.07675018706809
1048576	1.01176212639706	1.00872861904643	1.012775296374	1.02666658085443
2048576	0.991918963066365	1.16657080317044	1.00851807891309	1.00790063642556
3048576	1.02285861409299	1.1299491154836	1.01519523036149	1.01287699952929
4048576	1.02070287607043	1.08689161671548	1.01241842482418	1.01012365430124
5048576	1.00890196390814	1.17291574982183	1.01151274813007	1.01886804065722
6048576	1.01346429813048	1.11882168438883	1.00877517955904	1.0364817433279
7048576	1.00866195807467	1.07819128574695	1.01576751574257	1.02052578293802
8048576	1.0163219741073	1.02586957451753	1.01050785786983	1.02022583005465
9048576	1.02090826347503	1.12919580106633	1.01264295035509	1.01958928316975
