1	0.910348977135981	0.974127557160048	0.948717948717949	0.991452991452992
2	0.937594363361852	1.02063412179165	0.875	1.0625
4	0.962004175365345	0.816701461377871	1.096	1.064
8	1.07315668202765	1.07286866359447	1.056	1.136
16	0.969501255830642	0.945281664872623	1.17088607594937	1.06962025316456
32	1.16656308266004	0.861031696706029	1.05217391304348	0.860869565217391
64	0.898971266406527	0.752323518978361	1.01260504201681	1.4453781512605
128	0.787530413625304	0.831265206812652	1.47798742138365	1.39308176100629
256	1.10017897513188	0.76544837980407	0.989754098360656	1.41598360655738
512	1.11904185821437	1.03266392451004	1.31418312387792	1.69479353680431
1024	1.09601505045322	0.887737301180092	0.878889823380992	0.891505466778806
2048	1.08274662469974	0.830668985891383	0.810147299509002	1.03709765411893
4096	0.929638151014432	1.03034929930977	1.64666021297193	1.40513068731849
8192	0.998712196743104	0.951008086850559	1.13952536824877	1.00634206219313
16384	1.00366364270761	0.884262196282434	1.18065536073584	1.42425984478298
32768	0.988045518484808	0.793241907316839	1.16271030191288	0.84858262272413
65536	1.00076457304631	0.998487423601873	0.830240426513559	0.80576203414159
131072	1.01267495472786	0.910604018821255	0.980952380952381	0.961344537815126
262144	1.00365379572945	0.898061062533172	1.03914075480655	1.03289817232376
524288	1.00384380300315	0.898915572592984	1.03471594805534	1.05691107797142
1048576	1.00441239732852	0.6922144852871	1.00977285209987	1.0235476742417
2048576	1.00064647061245	0.899746403931242	1.00290600369249	1.00369379546964
3048576	1.00292948001334	1.00226505173318	1.00752390462158	1.00862267961278
4048576	1.00202183124228	0.846834185601463	1.00861854987268	1.01175771706382
5048576	1.00144916072712	0.836464756031392	1.0066514728204	1.01448217484933
6048576	1.00159149922147	0.829304299104997	1.01344945260265	1.01517620306908
7048576	1.00155357291419	0.912201661109683	1.00818922830081	1.00988627733275
8048576	1.00196880113192	1.00028177174014	1.0067525921898	1.01628037840934
9048576	1.00152889608641	0.972022265687527	1.00971125912311	1.00959298757223
