1	1.0995951417004	1.16781376518219	1.04054054054054	1.15315315315315
2	1.31067193675889	1.3	0.991525423728813	0.974576271186441
4	1.20794326241135	1.06893617021277	0.976653696498054	1.16731517509728
8	1.53546722945246	1.0726931644976	0.980066445182724	0.970099667774086
16	0.972814721873693	1.06030949393559	0.810267857142857	0.861607142857143
32	1.09476490547746	1.13289707545645	1.06843267108168	1.10154525386313
64	0.984261216819356	1.11024978466839	0.91025641025641	1.03663003663004
128	1.13953642823936	1.01374775851763	0.855715871254162	0.782463928967814
256	1.14393160195423	1.10240421702237	1.02166666666667	1.03583333333333
512	0.985192549183759	1.0331728756802	0.98209127671866	0.991334488734836
1024	1.01333541902937	1.06820226037308	1.00034590107229	1.12037357315808
2048	1.01285498235591	1.11059765865681	1.08721272834414	1.13356904340994
4096	1.04800824059846	1.03826474611189	1.01277631312107	1.25927803690935
8192	0.988692753513391	1.0145554755862	0.982615894039735	1.10709850993377
16384	1.030961809061	1.03310648581636	0.996503780795187	1.11093042794807
32768	1.01242907395178	0.915260724827149	0.999876904560002	1.08411521733184
65536	0.997787780223631	1.0039412009506	1.07811403810441	1.0058876126281
131072	0.998432333926024	0.907506317382821	0.982196860044716	1.02061481038932
262144	1.00907383934066	1.01484711257445	0.99235914000456	0.987076846459562
524288	0.99518685172452	1.00318838853232	0.995364487708622	0.973946137820535
1024288	1.03823415895924	0.902041273052859	1.02135586074849	1.09028483263996
1524288	0.998574548075845	1.00030579816695	1.07375236515331	1.02552595712611
2024288	0.998509350887385	1.0025584799139	1.0651345234354	0.95026675837572
2524288	1.0013190532603	0.907069884318664	0.891204496271781	0.955874190696716
3024288	0.999665580062606	0.998072247829323	0.979756568205088	0.975175888567559
3524288	1.00086274156059	1.00063926503001	1.03805572230024	1.02515932557759
4024288	1.00961132740569	1.00714029896821	0.991908775501752	1.09151382839707
4524288	1.00146332395008	1.00272785095676	1.06611793292956	1.05830693726285
