1	1.14478182183792	1.1210536899256	1.00881057268722	0.933920704845815
2	1.0949377876257	1.12357252428839	0.872659176029962	0.925093632958801
4	1.13030967388326	1.079336804604	1.11522633744856	1.20164609053498
8	1.03699588934563	1.13798466837018	0.951768488745981	0.987138263665595
16	1.01421266355843	0.98969769890209	0.770325203252033	0.839430894308943
32	1.2165345742747	1.07489275067258	0.935146443514644	1.23849372384937
64	0.998025733542106	1.03798760977602	0.903125	0.8515625
128	0.991151585610024	1.05606148679197	1.03252032520325	1.00677506775068
256	0.957896575821104	0.986081993943629	1.06613226452906	1.14629258517034
512	0.967915664031168	1.08181505672052	0.964090079123554	1.22337188070603
1024	0.92200712538095	1.07013778598103	0.989716312056737	1.09893617021277
2048	0.981506508286507	0.955686748701899	1.02555235350624	1.12295869356388
4096	1.08071591979545	1.11597362400754	1.02871163082063	1.15222384631447
8192	1.02921069986649	1.02808473676591	1.07757932548394	1.08760726401916
16384	0.990119920596793	1.01619789164544	0.997552670781017	1.01864758459247
32768	1.04293224590967	1.04003877944689	1.0122097927239	1.0284849071475
65536	1.02272160059898	1.01453766482259	1.06967491980615	1.14410592531904
131072	0.991243532229677	0.991647147564413	0.961878970626775	1.01892345369598
262144	1.0003680706804	1.02025877263313	1.00268849299714	0.996151269168154
524288	0.99366759646456	1.05169637987122	1.01616126388477	1.00425131218721
1024288	0.998864572140483	1.01509304522349	0.951706980717775	1.02220910784834
1524288	0.995017243765519	1.00824541331306	1.00297088923539	0.955428432510312
2024288	1.00376690967992	1.01100315453829	0.975536250430765	1.00016794505951
2524288	1.00738823479418	1.00224563893226	1.02429695396871	1.03661261816712
3024288	0.991303702081959	0.994898564788653	0.986384345368238	1.09059009249142
3524288	1.00337043868693	1.00817344909893	0.991496543502506	1.22453768820689
4024288	1.00465142583779	1.00585640986819	1.02396377718696	0.98592587219764
4524288	1.01037209338332	1.00500157180742	1.00833608629727	1.0190155233712
