1	0.989887111947319	0.991298212605833	0.879310344827586	1.11206896551724
2	1.0328897338403	1.14391634980989	0.9	0.982608695652174
4	1.01257348138472	0.988406270411496	0.924242424242424	0.867424242424242
8	0.934564382203495	0.910645681001363	1.04330708661417	1.09842519685039
16	0.972940403155127	1.03385188431201	1.05882352941176	1.03267973856209
32	1.00734094616639	0.972992568424869	0.963888888888889	1.17222222222222
64	0.963692772094583	0.910699312426631	1.14039408866995	1.14778325123153
128	1.02632191940368	1.01917850764811	0.951263537906137	1.05776173285199
256	1.02050646848335	0.964629782548858	1.00801068090788	1.09078771695594
512	0.948422496570645	0.973058984910837	0.910091743119266	1.03119266055046
1024	1.14811293849225	1.03303545964445	1.09856630824373	1.07407407407407
2048	0.934393136512743	0.982178904870048	1.0112517580872	1.12271448663854
4096	1.00428314738206	1.03012828548744	0.79599374911209	0.975990907799403
8192	0.991149486021712	1.0170645595158	1.04691916336914	1.14885999623139
16384	0.994706640876854	0.990554480980013	1.06151883830455	1.10419937205651
32768	1.00655525584325	1.00288568181507	1.06895409008642	1.0343878253333
65536	1.0066841632589	0.994546992300918	0.940545280428286	0.909969886121078
131072	1.00573423019832	1.0016840735144	0.952795734159492	1.02446304626292
262144	1.0055853696986	1.00487486172783	1.0174548131502	1.00548247738236
524288	1.00534032456408	1.00385077168731	0.971391681831583	0.97789819342639
1048576	0.998430149254237	1.00442174626723	0.929477961441789	1.06671810456944
2048576	1.00153781005778	0.995500194316844	1.04670152159425	1.01996945966699
3048576	0.999425733882242	1.00644721906924	0.929906981904342	0.970364183306288
4048576	0.997786584134047	1.0067263586353	0.921376060433694	0.903579618805093
5048576	1.00044853450412	0.998167932972918	0.935047712227135	0.963878822096284
6048576	0.997281229878134	0.897251728869962	0.931336664152779	1.05507485762537
7048576	1.00250528242583	1.00545856406922	1.00013511363849	1.05192491017318
8048576	0.993127065266058	0.993055348827692	1.00472254070699	1.06119153334761
9048576	1.00481006849039	1.00043364149875	0.991094946829138	0.941956270985086
