1	1.18560105680317	1.22214883311317	0.920289855072464	0.934782608695652
2	1.17328453796889	1.14327538883806	1.15985130111524	1.04832713754647
4	1.14643900938317	1.16889709275496	0.966463414634146	1.05792682926829
8	1.21056611927398	1.06590319792567	1.12631578947368	1.11052631578947
16	1.11412803532009	1.10022075055188	1.16981132075472	1.10943396226415
32	1.05139369104025	0.617748751440645	1.04352678571429	0.899553571428572
64	0.994834971025447	0.446132527084908	0.978129713423831	1.14932126696833
128	1.07199442202706	0.407577735580346	1.00773860705073	1.20507308684437
256	1.04789708351831	0.322830010229883	1.09799897383273	1.04027706516162
512	1.02973254411926	0.316117231173956	0.91025812491641	1.29463688645179
1024	1.04884277656089	0.330293279575103	1.10625514403292	1.15884773662551
2048	1.01930377469815	0.325870281627308	0.996992667051166	0.941048034934498
4096	1.00278370379455	0.322962893631854	0.998806235663124	1.38315153784935
8192	0.98622670532426	0.325958376485759	1.1265602455168	1.17491926803014
16384	0.998021045904473	0.330721809889687	0.989451122736187	1.04435802889433
32768	1.00060014629144	0.334904286376124	1.04801780042643	0.951497819182348
65536	1.00612154742866	0.326191043868785	0.867921034007383	0.845449760896659
128036	1.0091024686486	0.324476063481205	0.993713360798261	1.11597395427889
190536	0.994858294165069	0.312749120754962	1.01242300239167	1.16355329593058
253036	0.99745969744722	0.326131062123959	0.990043788547691	1.0545993719397
315536	1.00554069870929	0.321678026069068	0.976926820442713	1.13919131640384
378036	0.992701968227762	0.318292715532799	0.958747861503721	1.09687106797037
440536	1.00215585966711	0.314666166886714	1.2217537257938	1.11706521684089
503036	0.992208657174246	0.318727036445905	1.05376687967529	1.12004693967052
565536	1.00381482057903	0.317248817140214	1.16756022125588	1.25810572603413
