1	0.997489689797382	1.00986193293886	1.14229249011858	0.976284584980237
2	1.07989391679098	1.02585778219791	1.08239700374532	1.04119850187266
4	1.06814647250106	1.19920825675103	1.14886731391586	0.983818770226537
8	1.11358338631066	1.13286713286713	1.11581920903955	1.0593220338983
16	0.935925989378105	0.884872365941408	1.03632887189293	1.24665391969407
32	1.00354961201915	0.780130427604425	1.21111111111111	1.20864197530864
64	1.07075078206465	0.51655370177268	1.0125	0.977777777777778
128	0.955566481702606	0.328411884526234	1.04735729386892	1.18477801268499
256	0.958319694489907	0.269354758716461	1.11706297360857	1.16984583224458
512	1.13086293801821	0.351573104622913	1.04785295515766	1.08239581682776
1024	1.0953422786539	0.336385365421825	1.0466592332104	1.16871086714126
2048	0.996458476656476	0.31265545048584	1.0098387916301	1.06369809229064
4096	1.00603293028042	0.322958579881657	0.998022942556705	1.03697749196141
8192	0.995574426416096	0.363070305259661	1.18312271706332	1.12998842933956
16384	0.980004590402904	0.368740757872015	0.917555852730214	1.04687982194458
32768	1.01967365923248	0.392639943977458	1.04425147094992	1.08995260798002
65536	0.991774755555309	0.372254343539919	0.992045462891943	0.968340291760795
128036	0.999709451086144	0.378968345795762	1.04737797041879	1.26533337453997
190536	0.998123021639005	0.376035855455221	0.998623883070944	1.18446357239478
253036	1.00407481881688	0.376089186359038	0.9540188188199	1.02742977382031
315536	1.00717833869256	0.383583399902875	1.07761338862599	1.19711308208737
378036	1.00363407121726	0.381414916348047	0.97770541062537	1.08371974128036
440536	0.985265051660847	0.376893635027927	1.02190612377564	1.06934011215864
503036	0.994564735459245	0.382745909660135	1.00168881862097	1.04119326786251
565536	1.00375721544956	0.386425381421673	1.03180677176431	1.17304179239361
