1	0.978471474703983	0.920344456404736	0.9375	1.0078125
2	0.917426273458445	1.09222520107239	1.12280701754386	1.29824561403509
4	0.977019748653501	0.908797127468582	1.01652892561983	1.20661157024793
8	1.05072983967456	1.0480976310122	0.925925925925926	0.932098765432099
16	0.988444806960304	1.03969548667754	1.27439024390244	1.0609756097561
32	0.963702230430459	0.80899275465265	0.924812030075188	1.38721804511278
64	0.986551356293813	0.8927537336178	1.02682926829268	1.13170731707317
128	0.979878556971068	0.616343215462158	1.11882716049383	1.10030864197531
256	0.986255392313315	0.515726508046001	1.03375912408759	1.35036496350365
512	0.972566137136861	0.30388195650175	0.896756756756757	1.50108108108108
1024	1.08929853886096	0.206478839223861	0.944884198182351	1.18469656992084
2048	1.01043175557033	0.193123878538248	1.04750722543353	1.02203757225434
4096	1.02885780834721	0.226967055112591	1.05807665177522	1.34363978368211
8192	0.891990870349084	0.218633279034946	0.990025288002248	1.29938184883394
16384	1.04475290360794	0.20313924441812	1.00305676855895	0.979070492825951
32768	0.984425570884015	0.194543572115141	1.0255615686856	0.974898065090073
65536	1.00963808582631	0.200299798163012	1.04937968308562	1.0713671539123
131072	1.00388629965022	0.197648654420631	1.02109351116948	1.08058106226152
262144	0.995709661990835	0.197000665162779	1.01595350426329	1.0535343219714
512144	1.00158554585402	0.196808833583785	1.02536129616372	1.05319064775956
762144	1.00239981265932	0.195970855128884	1.01961706424717	1.0478264052729
1012144	1.00214714487916	0.19616080692726	1.02404387640174	1.05323860570052
1262144	0.999104498128101	0.195495728012822	1.01120708225225	1.04526879957303
1512144	0.999756003037104	0.195439983773936	1.02424399868955	1.05203068839987
1762144	0.999457314796439	0.195126736073808	1.01725856780734	1.04576025819577
2012144	1.0001776606911	0.195645677505508	1.01159147080635	1.05026566278317
2262144	0.999968888152315	0.195417967150239	1.02502441963533	1.0477420255935
