1	1.08547519426181	0.994022713687986	1.11711711711712	1.03603603603604
2	1.03579676674365	1.03233256351039	1.03418803418803	1.20512820512821
4	0.968989547038327	0.937979094076655	1.05839416058394	0.897810218978102
8	0.977485928705441	1.08724202626642	0.905027932960894	0.843575418994413
16	1.00809456507773	0.973789027367339	0.85781990521327	0.909952606635071
32	1.07168585352073	0.957977258280952	1.27848101265823	1.16455696202532
64	0.987691964451716	0.977652177146469	0.909090909090909	1.05578512396694
128	1.03667779304928	0.632633025721579	1.13848202396804	1.23302263648469
256	1.01062295762228	0.420135899164894	1.40022050716648	1.92282249173098
512	1.05058234500391	0.254367587529295	0.935267857142857	1.11049107142857
1024	1.23934246432255	0.246384380698708	1.27011095700416	1.44382801664355
2048	1.08620380559946	0.265663828601846	1.2029254223321	1.71199011124846
4096	1.03535442288507	0.27993716932111	0.83544921875	1.13369140625
8192	1.0213817828935	0.37195190985794	1.11036092882383	1.02820545179202
16384	0.888273733688197	0.398211454782758	1.18156097929005	1.08001056245049
32768	0.843772971651583	0.432167456561521	0.922135288852961	0.925657533851084
65536	0.906398951623005	0.53798952431106	1.01107394076972	1.03324422407742
131072	0.843256639913707	0.664400827210276	1.02044636751897	1.02435852884799
262144	1.01559658286486	0.732304641201929	1.01898533040909	1.0628214735504
512144	0.974222763435117	0.783819153226748	1.021476452113	1.04938308793407
762144	1.01718156334769	0.829244501202331	1.01367816084161	1.04555183497528
1012144	1.0079003580739	0.802743021794314	1.02911774080384	1.03327501774416
1262144	1.00529033941817	0.815096099142473	1.03705473903916	1.04593512542554
1512144	1.00529847739351	0.830454672820771	1.02957480602213	1.02446194695443
1762144	0.985715280832712	0.821929264341882	1.02043082114038	1.03209582939405
2012144	1.00928692675058	0.826743221604379	1.03884273661603	1.03292762953539
2262144	1.00123228417081	0.815334588874	1.03077360005973	1.04254615411991
