1	1.20354702245363	1.12300683371298	1.07692307692308	0.979757085020243
2	0.846500450585762	0.879943927105237	0.937956204379562	1.2043795620438
4	1.07688482196141	1.05311318878058	0.950819672131147	0.972677595628415
8	1.04870775347913	0.96636845593108	1.1259842519685	1.10236220472441
16	1.05925985648633	0.987099895186648	0.908560311284047	0.856031128404669
32	1.13427716558418	1.01517915784865	1.05675146771037	1.02544031311155
64	0.885934171648457	1.02356902356902	0.884328358208955	0.866915422885572
128	1.02265997945495	1.01631518520757	0.931493815413892	1.02378686964795
256	1.10589941972921	1.03943692241565	0.917732073374097	0.958866036687048
512	1.05539826748363	1.08747094865836	0.968458781362007	1.10681003584229
1024	1.08551394897807	1.07572728628972	1.12043010752688	1.12297165200391
2048	1.0787449574182	1.10311071268489	0.929294859545194	1.17036116950124
4096	1.00224647602152	0.999913226248096	0.979671415202246	1.12269938650307
8192	1.00318730574878	1.0122840772142	0.999292921051916	1.06535041200946
16384	1.00033794832661	1.00503652022239	0.875087499094837	0.906032006565449
32768	1.00491652213131	1.0117331158111	1.01393909538116	1.01790781741103
65536	0.993148884503211	0.907585044373699	1.04288873276373	1.07974901981099
131072	1.00401707486872	1.00272948734692	1.00417921376856	1.04670218170569
262144	1.00468821503943	0.99859158058425	1.06334978720872	0.976921968865454
512144	1.00125560624421	0.997567223184713	0.982611381907776	0.993880675498969
762144	0.997663897824112	1.00092916692329	1.03651309228359	1.10993351977277
1012144	0.999518476036276	1.00240674507387	0.972917418708108	1.03716367748357
1262144	0.998279777644691	0.998676777539768	0.951578420024207	1.002518863168
1512144	1.00152738776493	1.00015598801297	1.01564931441093	0.922675578920167
1762144	1.00026057213516	1.00278565154195	0.936975929047771	0.904405425869187
2012144	1.00065174475184	1.00165016914593	1.17170380883809	1.16043112908363
2262144	0.998407735952934	1.00109478067675	1.12625136876799	1.06162721840635
