1	0.959800513828019	0.902523802327339	1.04545454545455	1.07438016528926
2	0.951634627158075	1.0017142157463	0.941176470588235	1.04152249134948
4	0.971868003504332	1.08673221064927	1.07384615384615	1.02769230769231
8	1.04799116622781	0.985475239955831	1.02439024390244	1.07859078590786
16	1.02225375252035	1.00821447240684	1.03611738148984	1.1647855530474
32	0.995284000277412	0.963659060961232	0.883642495784148	0.912310286677909
64	0.838130796097796	0.825846079730218	1.04048582995951	0.89608636977058
128	0.945312025277997	0.962447590690891	1.07024029574861	0.964879852125693
256	0.930743243243243	0.906137387387387	1.01564537157757	1.1232073011734
512	1.04939073112265	0.980872952457051	1.05673758865248	1.16424038820455
1024	1.03369648859908	1.01506621846017	1.04239595488137	1.18028004667445
2048	1.03335873834789	1.0412147505423	1.02548036758563	1.17355889724311
4096	0.992125687589481	1.08618416095245	0.983259633607075	1.07175194777848
8192	1.02818576178627	1.07140025983749	1.02284160435078	1.06292318150918
16384	1.02302796851449	1.00418690336627	1.0100411340249	1.10596512610279
32768	1.00269722452069	1.00587873073297	1.14917709110951	1.02923262612239
65536	0.996758702271093	1.0191234885706	1.1286454403702	1.03393860134467
131072	1.02434610206156	1.01094143076016	0.980964591051077	0.969924705515693
262144	0.989414055585059	1.09954405916869	0.994474180486993	0.977310860280659
512144	1.002784793152	1.00900230203607	0.971740248947717	1.03989673679884
762144	0.995972062460999	0.998934373848779	1.11076324992631	0.990358552605374
1012144	1.01087068682567	1.0142774823275	0.930709808182933	0.916197556744464
1262144	0.994526506011132	0.990219980581571	0.977353591509989	1.02276590962288
1512144	0.994649415353361	1.01689529564398	0.987282033414526	0.956665289195342
1762144	1.00018374916232	0.999294084100499	0.935548235552664	0.956366167974386
2012144	1.00429336345826	1.00573275963884	1.07182251052602	1.00303659290066
2262144	0.995609171224296	0.99295852133961	0.986490206509338	0.949975484226583
