1	0.922617175212331	0.952343504246618	1.07692307692308	1.0982905982906
2	1.05251352421164	1.01372212692967	0.973941368078176	0.853420195439739
4	1.02771462596081	0.999891739742341	0.876470588235294	1.24117647058824
8	0.990254089801601	0.948572920292377	0.975124378109453	1.04477611940298
16	1.01618357487923	1.0365539452496	1.01059322033898	0.951271186440678
32	1.00453074433657	1.12386731391586	0.96309963099631	1.05166051660517
64	1.08398268398268	1.07406532861078	1.12869822485207	0.994082840236686
128	1.11595312859003	1.07061346404228	1.03371970495258	1.20126448893572
256	0.988951473136915	1.09849797804737	1.04457751164338	1.26546906187625
512	0.978615708354661	0.976511403059774	1.01852551984877	1.14744801512287
1024	0.957305548824812	1.04414829173734	0.932995291561029	1.05287939152481
2048	1.02901844906618	1.11130052657499	1.02407872696817	1.19692211055276
4096	0.984839911350026	1.04988918753242	1.04009798178817	1.16443900101177
8192	1.00704245888254	1.02655138224659	0.923254298461076	0.966890570955938
16384	0.999174740455873	1.03012197336062	1.00864125610297	1.11347370173103
32768	1.01434239184463	1.04834118082982	0.946008731002891	0.956958374389058
65536	0.999177019605479	1.01113225874504	1.05587271149762	1.04788510814999
131072	1.01595872100265	1.01707980797792	1.05307103921872	1.0042633857774
262144	0.98537563064195	1.00186051456517	1.02981239333937	1.04851576274542
512144	0.995752264482022	1.00735808560073	0.990941518445993	0.962898467143529
762144	0.989580542262048	1.01374266972822	0.967705845606121	0.983192638538764
1012144	1.00210605679739	1.01045857693459	0.989531599192393	0.985579738420916
1262144	0.997035927728695	1.01653842974761	1.05223794625671	0.990185459438667
1512144	0.984647576395448	0.993459231036202	0.98578497625362	0.993478428077999
1762144	1.00028801034929	1.00479399647013	0.97886530333309	1.01913586974539
2012144	1.00406535409444	0.997119747049642	1.06990354425555	0.997167904447559
2262144	0.994365687104852	1.11739378245599	1.02848078963733	1.04059110845153
