1	1.00533104041273	1.10266552020636	1.02325581395349	0.922480620155039
2	1.06962205171924	1.11565785734584	1.078125	1.0625
4	1.02862794087029	0.961170102019571	0.966049382716049	1.08024691358025
8	0.981742137858924	1.04142202203812	0.930455635491607	0.952038369304556
16	1.0580794446587	1.01210952564597	0.945631067961165	0.976699029126213
32	0.876879887708041	0.998328988703964	0.947463768115942	0.960144927536232
64	1.09276018099548	1.13046757164404	0.974632843791722	0.922563417890521
128	1.12147703549061	1.06458768267223	0.97378640776699	1.05922330097087
256	0.947943247933041	0.938450546085536	1.12554927809165	1.05963590709353
512	1.002478948611	1.02459274415676	1.0830298616169	1.15877640203933
1024	1.04579517069109	1.02272299965083	1.0932570977918	1.12894321766562
2048	1.00821498869422	1.00963024417224	1.0511637042129	1.0385937346558
4096	1.00563617804997	1.02174588381485	1.09405473419314	1.07937506553424
8192	1.01367577590604	1.01465295752358	1.01210007085627	1.13271924565324
16384	1.02547905132132	0.923970235991675	0.896073374150316	0.965988526249819
32768	0.997192390150073	0.994953315033361	0.994240250246506	1.02407262588827
65536	1.00173129079311	1.00038059363771	1.02887315116571	1.04179618952118
131072	1.00307820854553	1.00294985719324	1.02934344720064	0.99155307982505
262144	0.996096944512189	0.994790911135253	1.00365795734524	1.07186689919127
512144	0.998438986745971	1.00050838845016	0.993744577662101	1.02449687815562
762144	1.00169154029915	1.00211821535578	1.01231722399489	0.981704509504822
1012144	1.00057845289574	0.999656501047721	0.972119638922295	0.925255686596948
1262144	1.0007049664971	1.00250606487065	0.981491879187351	1.01176260165315
1512144	1.00063131318361	0.998119285859852	1.0769985628431	1.01142405011508
1762144	1.00512077825573	1.00467026223172	0.932611672377022	1.00698457791062
2012144	1.00342633372099	0.996829997463732	1.02920617242609	0.973090843108296
2262144	1.01032224256006	1.00279997583672	0.946266242097285	0.977687418080986
