1	0.966315789473684	0.976842105263158	1.05357142857143	1.01785714285714
2	1.17159420289855	1.10608695652174	1.38461538461538	1.1978021978022
4	1.03646503646504	1.08108108108108	1.0	1.11607142857143
8	1.04109589041096	1.08794520547945	0.895522388059702	0.880597014925373
16	1.03831851253032	0.966531932093775	0.994082840236687	1.04733727810651
32	1.04677323860272	1.02249851983422	0.873096446700508	0.928934010152284
64	0.99268727705113	1.00309155766944	1.08298755186722	1.1701244813278
128	1.03806890684815	0.969417269247129	1.09343434343434	1.01010101010101
256	0.905868263473054	0.80002994011976	1.06299212598425	1.35826771653543
512	1.06363232023721	1.01506300963677	0.875491480996068	1.28571428571429
1024	0.99103047829918	0.975124827726441	1.29126213592233	1.43325242718447
2048	0.933527184203408	0.913003786854206	0.838189708617483	1.59702417854929
4096	0.956535680325512	0.934820105703102	0.971592830571525	1.33851876902266
8192	1.02866984094823	0.536426569412083	1.11102941176471	1.0875
16384	1.00010390651383	0.755340980357958	1.00068694798822	0.951324828263003
32768	1.00059902224112	0.864644161465479	1.01700767922486	0.936813894758542
65536	0.997398713015775	0.86653489490901	1.01526658995013	1.14604270553638
131072	0.999677262780496	0.735140831713699	0.994039639490998	0.985965310289356
262144	1.00129595125267	1.00144497921202	1.04682924821045	1.06187121442135
524288	1.00019313276722	1.0003214142641	1.00157497766031	1.01341796087548
1048576	1.00065585585726	0.464193928225025	1.00571930241277	1.02062302205518
2048576	1.00134715688183	0.867721357653759	1.01055120089128	1.01043997106822
3048576	1.00298316387451	0.732273582764121	1.01346283022765	1.02103673957983
4048576	1.00235013058304	0.731963215576074	1.01346571093435	1.02759404817607
5048576	1.00244180402934	0.732927256214307	1.01243568303969	1.02293889221634
6048576	1.00259334424261	1.0022711574492	1.01836354752318	1.03451880990522
7048576	1.0018433545445	0.866609630599101	1.01917716361646	1.02768997409878
8048576	1.00281476612617	0.866670346488808	1.00787189785149	1.02337267557084
9048576	1.00248537025027	0.598998368351986	1.00694771079921	1.02249492733487
