1	1.02802623732856	1.11329755515802	0.909774436090225	0.992481203007519
2	1.05824039653036	1.04894671623296	1.05882352941176	1.04201680672269
4	0.821005312627707	0.856967715570086	0.762820512820513	0.833333333333333
8	0.992166315155167	0.784272371196144	1.07284768211921	0.894039735099338
16	1.09386213408876	0.994711992445704	0.867021276595745	0.904255319148936
32	1.06023468057366	1.10234680573664	1.18085106382979	1.25531914893617
64	1.23715737883463	1.09003448901797	0.882562277580071	1.30604982206406
128	0.90416786432883	1.04570278815752	0.915909090909091	0.836363636363636
256	1.10004011633738	0.89825493932404	1.0773381294964	1.26618705035971
512	1.17108062836706	1.01385304902893	0.988391376451078	1.1028192371476
1024	0.977005801613131	1.0205886514787	0.829880043620502	1.3217011995638
2048	1.00665396536526	0.926408280490232	1.5744322960471	1.74432296047098
4096	1.0002044757469	0.74274679086675	0.81422351233672	1.43541364296081
8192	1.02116370750215	0.972137415893529	1.01961242120009	1.31099696474434
16384	1.01308604275193	0.789105442787857	0.934405940594059	1.20977722772277
32768	0.988321784439195	0.802850309634773	1.1159237277434	1.08927894936229
65536	1.00891322966927	0.798724857563877	1.03968975337817	1.0553535720778
131072	0.996600037049985	0.901121110273849	0.908645626984342	0.972158150389406
262144	1.00226546291389	1.00873268183047	1.03003381094245	1.03724523573084
524288	0.998555987647261	0.792818137293718	0.998391575417824	1.0081521454393
1048576	0.997887716568924	0.894173737946573	0.993607573622042	0.99657615406683
2048576	1.00168326258013	0.895801104940195	1.000301975216	1.00835291960137
3048576	1.00311425239695	1.002458305262	1.00462234021581	1.00990664195811
4048576	1.0013690839846	0.994715473444843	1.00429652144345	1.03694968787269
5048576	1.00213781254938	0.996890887573528	1.00682277301578	1.01275653090316
6048576	1.00224203842819	1.00375675138606	1.01120907849455	1.01388448547345
7048576	1.00041059729782	1.00240404048081	1.00093365237526	1.00188070194506
8048576	1.00193654309892	1.00286690310692	1.00544244786787	1.00714647573485
9048576	1.00160696527145	0.937529195806246	1.006475607497	1.02062654739521
