1	1.01898974553741	1.0586783137106	1.11415525114155	1.02739726027397
2	1.00430107526882	0.963440860215054	0.876623376623377	0.915584415584416
4	1.04676121119203	1.07026957966015	1.12915129151291	1.02214022140221
8	0.969675905812842	0.957685289773221	1.27433628318584	1.07964601769912
16	1.07709971470322	1.07264630157957	0.909853249475891	1.18658280922432
32	0.985769329565887	0.966144361674801	1.15510948905109	0.936131386861314
64	0.941291585127202	1.00054612478951	1.04045307443366	1.13592233009709
128	0.971355379599441	1.05700978108989	1.03233830845771	1.06218905472637
256	1.03704550651727	1.1274182483421	1.06008230452675	0.957201646090535
512	0.990624108271167	1.0083975378093	0.800634345265066	0.975985500679656
1024	1.00385027454132	1.08045399758939	1.03063527894228	1.07997420187036
2048	0.974091865925406	1.06552598909699	1.19085592769803	1.06964380648591
4096	1.05337525871676	1.11142732049037	1.07920227920228	1.28309591642925
8192	1.00846113838465	1.1190140934404	0.918534791965567	1.03582317073171
16384	1.00194943789923	1.07982678512263	0.925677065478231	1.00527939664038
32768	0.9914610444482	1.06165708974142	1.06714606856384	1.09787717774485
65536	1.00100497292219	1.07304911042959	1.01121897414334	0.998336349841862
131072	0.992308672232098	1.07000849657391	1.08388648521626	1.02385579807307
262144	1.010319277482	1.01491900210058	0.986862386414124	0.980670854751557
524288	0.99996730874709	1.00418781003718	0.96694702297176	1.00277968366817
1024288	1.00624077391761	1.01504846714133	1.05737374801799	1.01354404556284
1524288	1.00000324075879	1.00476046558623	0.993536647919896	1.02670301934039
2024288	1.00655722504632	1.01750832544292	0.989643325019427	0.946511657556197
2524288	1.00266129155202	0.997024962124275	1.11881968373788	1.06824163624688
3024288	1.00176203924185	1.00107882737277	1.08003018167017	1.0307200927859
3524288	1.00611681536588	1.0020527714315	0.991789868275123	0.973575612533761
4024288	0.997713600503824	1.04475772093885	0.98026500762969	0.984080853857853
4524288	0.997821149559925	1.00735896418907	0.982267405695815	1.0280502083612
