1	0.942846872753415	0.961718188353702	0.960526315789474	0.93859649122807
2	0.998400255959047	0.968325067989122	1.03265306122449	1.23673469387755
4	0.908356741573034	0.934456928838951	0.94661921708185	0.97153024911032
8	1.09119141727837	1.08507434594391	1.20253164556962	1.20253164556962
16	1.01944408195224	0.98368785071121	1.00671140939597	0.937360178970917
32	1.11246200607903	1.00469743022935	0.86541737649063	0.960817717206133
64	0.892788645953203	0.842827004219409	0.78	0.849411764705882
128	0.938382084502026	1.04305240194114	1.06007509386733	1.21026282853567
256	0.931555629166494	1.01817730114695	1.13188798554652	1.06955736224029
512	1.0716415656966	1.14924697089797	1.09090909090909	1.01887729756582
1024	0.930395323796339	0.988565861662309	0.952865559721478	0.861006963042314
2048	1.01719679571798	1.0083181135965	1.03265009976419	1.13676764012334
4096	1.04331764759372	0.988849485098548	1.08870285015521	1.08183613959176
8192	1.00985489495194	1.04189423954206	0.971192443919717	1.11390791027155
16384	0.998239929597184	1.03094457111618	0.972487195150604	0.980499036699403
32768	1.00777565862553	1.01744283528598	1.06852278941487	0.942628212748758
65536	1.00177442794331	1.00402091901426	0.993488975651956	0.946147454212246
131072	1.00087686108028	0.898981914346554	1.0316822014604	1.03985648374196
262144	1.00499411482746	0.894531803706791	0.99147932734859	0.998198255152358
524288	0.997016505755116	1.00479985330927	0.947814326935437	1.00948044170186
1024288	1.00476622767419	0.998335437795995	1.08174725760031	1.02331500102961
1524288	1.00994955213515	1.00238435143137	0.927725793151431	1.0512943350241
2024288	0.92941290684041	0.92837492631969	1.05225126841166	1.0069887993572
2524288	1.00915331118696	0.997416212099843	1.0365037691123	0.96411867812115
3024288	1.00199054777125	1.00572988496794	1.00416737385702	0.982038348849762
3524288	0.990694771878397	0.888011045912391	1.10399059842506	1.01436529187366
4024288	0.99977541584743	1.00092547521627	1.05258632893714	0.982794648425238
4524288	0.996220478590176	0.995591445006995	0.939519543105981	1.00590022213375
