1	0.946890603722197	1.02973218338629	0.956331877729258	0.947598253275109
2	0.985984998026056	0.925582313462298	1.21495327102804	1.08411214953271
4	1.00790253539677	0.92953572604544	0.968503937007874	1.04330708661417
8	0.93741164374759	1.02403290065544	0.992805755395684	1.07194244604317
16	0.827433628318584	0.7980127309424	0.951841359773371	0.937677053824363
32	0.981569771579022	0.894613249839892	0.76278118609407	0.795501022494888
64	0.96814044213264	0.942782834850455	1.04230769230769	0.990384615384615
128	0.933715470455515	0.955972925178364	0.673302107728337	0.786885245901639
256	1.11398035460555	1.20046951257182	1.17795484727756	1.37848605577689
512	0.911012125711458	1.09725315515961	0.893476465730801	0.96036333608588
1024	0.962097992661343	1.01320958342327	0.899745547073791	0.968956743002544
2048	0.991495928552666	1.02974783293932	1.14471544715447	1.22341463414634
4096	1.09333735757942	1.07847279861164	0.981947022102244	0.987177324110005
8192	1.00090601509081	1.08949730318946	1.01976129915868	1.19144981412639
16384	1.00203693323122	1.03555159046589	1.07488899851998	1.10453872718303
32768	1.00730290668461	1.03461109360495	0.933409600076267	0.9664426331093
65536	0.995451111076644	0.943339411812931	0.954846574964347	0.897248930395179
131072	0.99973332793238	1.00145488178664	1.02076110725905	1.03719531708358
262144	1.00152712473936	0.844792384707508	1.00026601561807	1.02414239520463
524288	1.00704914377119	0.938039446624783	1.03224654746489	1.04966404983021
1048576	0.997764789892824	0.913992026339789	1.00875601821731	0.979046844502277
2048576	0.999209978896281	1.00190903891836	0.980727981169693	1.0632959596088
3048576	0.999013864836879	0.998296738563908	0.895278719644782	0.994712914492224
4048576	0.997057847190355	1.00100646213988	0.907955474242818	0.909995084827072
5048576	0.995637056466792	0.999123368568333	0.983516113711818	0.930168655316678
6048576	1.01253557218868	1.00428351046899	1.09971740403433	1.03353982551029
7048576	1.0105341018464	1.00906735021621	1.09550154928698	1.08709347175458
8048576	0.994987298302893	1.00034254269289	1.01238797303087	0.967835310509945
9048576	0.994696180957668	1.00133002865475	1.05444276756101	1.03216448223564
