1	1.0025720860972	1.0263977257344	1.05277777777778	0.897222222222222
2	1.0063440090044	0.947610764350762	0.934010152284264	0.906091370558375
4	0.982024919997276	0.991489071968407	1.14716312056738	1.00531914893617
8	1.00247078202212	0.995019217193505	1.04531410916581	0.854788877445932
16	0.932216076849503	0.830831288726244	1.00635727908455	0.928162746344565
32	0.980313271730183	0.668815434023953	1.01069289991446	1.29469632164243
64	1.01252746727811	0.473912056940862	1.39232138316807	1.11390795830155
128	0.997742265713676	0.27683842973034	1.37713472485769	1.21426312460468
256	0.990859336489586	0.166273852186579	1.36290457823243	0.998742243836995
512	1.01942773136241	0.129882373917388	1.04346460402843	1.05210255604853
1024	0.953784213671357	0.111276857438027	0.929657697110697	0.902920095112647
2048	1.0214510712906	0.109143363743524	0.917002389298732	1.00553724341199
4096	1.00951624655719	0.118364415950186	1.06976172082364	0.896898184313539
8192	1.00098956608601	0.143667925972738	1.00589761851335	1.04899559995707
16384	1.08120960457979	0.181591300642178	1.08900335230714	0.895673949344191
32768	1.10026160587609	0.228282111118985	0.968001510849305	0.930671143078993
64018	0.947649719720713	0.247027221742095	0.916382727933326	0.942520622527205
95268	1.01147193546744	0.270552853732871	0.972418359526314	1.04337240990886
126518	0.957396416494308	0.273118393838115	0.966718047511867	0.967520076022831
157768	1.028909785292	0.296740022655835	1.04660724622619	1.07723259182685
189018	1.00927354360487	0.287962941981102	1.08141281211982	1.04015845858817
220268	0.987314260749343	0.294260969425534	1.02762913712148	1.13590597196948
251518	1.00045769441861	0.295789538561197	1.11501879031288	1.07434429336285
282768	0.993576938250092	0.301591071367869	1.05756295841224	1.15024293848596
