1	1.03055418109847	1.01088570014844	1.11340206185567	1.0446735395189
2	0.945758354755784	0.969751499571551	0.9875	0.9575
4	0.961754073453136	0.920102687693194	1.0647619047619	1.16571428571429
8	0.949905424370004	0.869851729818781	0.970521541950113	1.1984126984127
16	0.980491999527896	0.87244768922086	1.12129963898917	0.984837545126354
32	0.999752387690131	0.678139370357269	0.843423019431988	0.862855007473842
64	1.00822626817817	0.382191686705599	1.02406417112299	1.17994652406417
128	1.01553491463349	0.320518868472605	0.878481703986892	1.15073730202075
256	1.02056744932564	0.268734747092975	0.957700459201695	1.32682797598022
512	0.981504822007911	0.227151978430588	1.02988827967185	1.12614915282187
1024	0.997724891538757	0.216616564888748	0.913254801363621	1.00345968204678
2048	0.991179752457412	0.213570818577537	0.935077643443747	1.05977356281894
4096	1.01728227907137	0.207676991570641	1.11295958827299	1.13457225248318
8192	1.02308087718144	0.219142335173827	1.04603007585753	1.02951342914926
16384	0.975127245171976	0.227816698038749	0.883483085087137	0.929837237477592
32768	0.92797633392083	0.209634408110888	0.987318308618411	1.08623352495398
64018	0.979631547674877	0.22457611515347	0.913002913492553	1.00751054970956
95268	0.996927225565506	0.237969576782411	0.848864346828136	0.943894365413109
126518	0.996325832120006	0.242389742095056	1.07834110002594	1.10577608591476
157768	0.985301705151112	0.240209764868223	1.10171973495202	1.12512210242685
189018	1.00311208824261	0.243083927641364	0.957525807317664	1.01287005470122
220268	0.989273291763363	0.245016806593658	0.883958115079608	1.00160500755895
251518	0.990222164784254	0.244038253731467	1.01231270779961	1.03591842205647
282768	1.00260360506436	0.252764620397937	0.898361423074119	0.975476929086911
