1	1.19118586331701	1.19544390036193	0.89451476793249	0.987341772151899
2	1.16355615880556	1.12623006447234	1.13502109704641	1.14767932489451
4	1.13085539714868	1.10348778004073	1.16475095785441	1.02681992337165
8	1.01619976729616	0.959545332497986	1.04610951008646	1.01729106628242
16	1.04479720185646	1.1238985672967	1.09151785714286	1.015625
32	1.08591655046659	0.965890807679931	0.813664596273292	0.84472049689441
64	1.02894519983519	1.01988051091883	1.22239502332815	1.19595645412131
128	1.05754229561341	1.05014689494479	0.83824928639391	0.828734538534729
256	1.06504296633908	1.09272183449651	0.746478873239437	0.799463447350771
512	1.08579762171864	1.25986089297734	0.991947659788626	0.938600905888274
1024	1.16132368148914	1.3182860482892	1.11244577911245	1.18752085418752
2048	0.995049198589022	1.16216968871836	0.914070729872084	0.901279157261099
4096	1.01600432018459	1.29205429686541	1.0320645040315	1.14532158259891
8192	1.07040060887013	1.30346640835813	1.00521525215252	1.06661746617466
16384	1.01244497581653	1.13512309113635	1.01052261542067	1.03637215842512
32768	1.03827695491883	1.11000582109825	1.01278390822337	1.02639092522571
65536	0.983033225752922	1.03427897982613	0.896887350164941	0.887562465297057
131072	0.997801053389771	1.11403134768938	1.03961806608063	1.01992890407562
262144	1.02498871020827	1.03146885931006	1.00769579168288	1.03122715471323
524288	0.992285646929171	1.19631646268319	0.988737659380319	1.02507262521986
1024288	1.01805518886982	1.00979775948349	0.937046938252856	0.966218715694159
1524288	1.01814172448635	1.00407092278735	0.983508254509512	0.919204436525632
2024288	0.996025937821104	1.00821715735178	0.994215794145117	0.964222040023901
2524288	0.982873437855542	1.0102022214018	1.03169411318016	1.03075275133003
3024288	1.02897943830496	1.0199218709966	1.06211527934003	1.05794195364644
3524288	1.00315529672861	1.00841753437205	0.982190068970152	1.01206938585582
4024288	1.00180715282604	1.01560031387827	1.02247045653214	1.02692250732574
4524288	0.99971537392537	1.09801586924194	1.04242193795761	0.994534244343662
