1	1.13607775871927	1.09491137793025	1.0078125	1.0234375
2	0.94646591384358	1.03011292346299	1.25242718446602	1.22330097087379
4	0.999472990777339	1.02951251646904	0.905109489051095	1.05109489051095
8	0.852163087457205	0.76984126984127	1.1006711409396	1.14765100671141
16	1.01387170878247	1.03445838487365	0.948598130841121	1.16355140186916
32	0.937077067669173	0.935855263157895	1.06744868035191	0.961876832844575
64	1.24973872653377	1.05461583123669	1.22025316455696	1.66582278481013
128	0.644595854823668	0.772434006432827	1.09681881051176	1.30290456431535
256	1.2660298212838	0.95750643307836	1.07961399276236	1.81182147165259
512	1.00639888154003	0.770097327525945	1.0	1.52469135802469
1024	1.0075618437219	0.956389567948929	1.02606516290727	1.59448621553885
2048	0.725568594307014	0.86963776831475	1.0865992414665	1.34323640960809
4096	0.975460280674649	0.678580318441269	0.986762656758012	1.79238272178356
8192	1.00267797995743	0.772089810990993	0.878284923928077	1.02924323256273
16384	1.04842777786202	0.899328248441931	0.975707421249333	1.03246129204485
32768	0.976257009029415	0.958290504650118	0.744986144380254	0.806209196374055
65536	0.995917126948508	1.02040749751474	1.01198726638539	1.15383912387857
131072	1.00813400268146	0.97569224031113	1.00523020652763	0.966527869614168
262144	1.00327353268172	0.985411577429335	0.998236000294	0.983429836095027
524288	0.997970358235826	1.03432082691621	1.00291248447413	1.00725234146833
1024288	1.00672298872609	1.0011481699971	1.01953664154075	1.02268491040986
1524288	1.00318905785708	1.03182602239662	1.01562662865022	1.01378267525153
2024288	1.00441951452358	1.01893498780069	1.02583100691246	1.02794166250607
2524288	1.00212315237463	1.01804391856503	1.01326211270608	1.0150709547733
3024288	0.999015557137159	1.05439109506795	1.0079679568289	1.02155872008074
3524288	1.00173456476332	1.02373059420364	1.00839854841008	1.02137474079841
4024288	1.00129099310919	1.00478425512087	1.01035297464023	1.02600367996729
4524288	1.00283385063488	1.00419479112626	1.01196054542528	1.02294259994315
