1	1.01650485436893	0.992718446601942	1.19230769230769	1.10576923076923
2	1.09969392216878	1.09007433318758	0.839416058394161	0.861313868613139
4	1.05129533678756	1.0259067357513	0.867924528301887	0.811320754716981
8	1.05700143701102	1.06019479482676	0.958333333333333	0.947916666666667
16	0.899570531879749	0.937561942517344	0.724806201550388	1.0968992248062
32	1.07592795303015	1.01000099512389	0.842900302114804	0.954682779456193
64	1.03457159478102	0.814122274855259	1.20963855421687	1.42409638554217
128	1.22270408163265	0.739972527472528	1.11557788944724	1.5678391959799
256	1.11626098228432	0.890076335877862	0.895138226882746	1.14775977121068
512	1.11389815377367	0.690580401978897	1.04918981481481	1.16550925925926
1024	0.874281107229239	0.707723730180059	0.815942028985507	1.20398550724638
2048	0.845069560605442	0.67326914446575	1.43169624432522	1.77342137845646
4096	1.04831015395077	0.889780176581209	0.983392645314353	1.94899169632266
8192	1.08496062244995	0.891004839168802	0.995768526989936	1.09629460201281
16384	1.01655964140683	0.921473435721613	1.36879938542581	0.988586479367866
32768	1.06958195495803	0.96757825836149	1.02141355329128	1.3074882743005
65536	1.04701724281929	0.994502949729323	1.30027459488779	1.1703844328429
131072	0.981060922233994	0.950562350851285	1.04422528222305	1.01569904478353
262144	0.985192183958682	0.974266883843331	1.00826597796802	0.982373353314096
524288	1.00998669148924	1.00665175730422	0.997820670817262	0.990759857663396
1024288	1.01231188121748	1.05140545731492	1.01520727068188	1.007883829879
1524288	1.00481322365904	0.999263560163745	1.00613219446808	1.01387639032178
2024288	1.00833813771536	1.00970926143854	1.00781026084517	1.01023207743846
2524288	1.00205843968358	1.00005580472981	1.00424706943961	1.00775557993088
3024288	1.00525526078173	1.00793770425376	1.00375380191076	1.02053455073964
3524288	1.01195473526963	1.04232302189012	1.03145084380313	1.01278995918002
4024288	1.00789728129951	1.01187012631091	1.01382710752345	1.03449955834173
4524288	1.00910122287888	1.00726046442356	1.02085375520683	1.02244139139384
