1	1.07829015059396	0.990646338041343	0.883468834688347	0.948509485094851
2	1.02112016146472	1.02357096518417	1.03595505617978	1.10337078651685
4	0.910175130249199	0.972569204695248	1.05387931034483	1.17241379310345
8	0.997984978933871	1.0984307260182	1.10247349823322	1.13780918727915
16	1.05888669115569	0.975473297541678	0.91	0.9325
32	1.02347015865021	0.924905565348779	0.917480035492458	0.940550133096717
64	1.0737984496124	1.05209302325581	1.07982673267327	1.15655940594059
128	1.04880971659919	1.06762753036437	1.07184325108853	1.0522496371553
256	1.02770764958344	0.969031389379786	1.02857705951912	1.0595191170674
512	0.981208773395513	1.00259361322743	1.09907666770412	1.1225230833074
1024	0.974937189778785	0.998270591199079	0.97662130501969	0.985992722197298
2048	0.997418547201327	1.00009629522635	1.03502258684252	0.971649618360247
4096	0.998124053883151	1.00223044053117	1.00839044476408	1.01690780381871
8192	1.00022768225329	0.995231375982552	1.01554718137682	1.16457583081992
16384	0.998443356207515	1.00751035898731	0.919780862568302	0.911683049662591
32768	0.993848934908244	0.990653311913271	0.927380656738418	1.0271972057775
65536	1.0072412358567	1.01173556193974	0.998174051628159	1.01010375792383
128036	0.997983525693128	1.00304073054219	1.07942354938314	1.00349152636241
190536	1.00498867527689	0.816274109771393	0.948518246033156	0.866636149836945
253036	1.00027039911941	0.996896783333762	0.972093849899019	0.932419559224481
315536	0.999637329696864	0.902418265945044	0.986726067898417	1.0012163865219
378036	1.00343793556653	0.91286305367172	1.00807150910009	0.976232282496104
440536	1.00986088692107	1.00344349533367	1.1061402111848	1.00169231956203
503036	0.999328598539613	1.002952649819	0.990555888656398	0.988852768974398
565536	0.996067090209682	0.996763862252435	1.01708642018223	1.04135089922353
