1	0.88296822577462	0.989342806394316	1.06442577030812	0.938375350140056
2	0.964748334566987	0.957346410066617	0.815286624203822	0.942675159235669
4	1.09806847384564	0.90906076432065	1.01185770750988	0.952569169960474
8	1.03821803582458	1.02864422483014	1.05821917808219	0.982876712328767
16	1.17991889985896	1.22390691114245	1.07757404795487	1.07052186177715
32	0.953949492992314	0.897823419233999	0.804228660924041	0.978856695379797
64	1.00240448837831	1.09925193694897	0.890147225368063	1.06511891279728
128	1.09045570725017	1.20622155725952	0.930408970976253	1.10488126649077
256	1.05079428315323	1.06568397988148	0.913353214049039	1.00430748840292
512	0.99818922589407	1.10505972072292	0.984099655661333	1.09357909661738
1024	0.949691919072688	1.09896362048207	0.924888668975755	1.03201385452746
2048	1.01605965418683	1.06009282055636	1.00690899716422	1.05174013921114
4096	1.01831464223661	1.02716000631812	1.00722140867718	1.02716283343383
8192	0.996940253771606	1.11030905518367	0.883680650513227	0.955313679374282
16384	1.00207735767058	1.00738591916558	0.9284281438422	1.04767031400178
32768	0.997026333941708	0.987155918893616	0.977091791225189	0.990128407123664
65536	1.01277924293036	1.0315265176237	0.973119990040598	1.03299881732106
128036	0.997026481620688	1.00541245862745	0.994563823478257	0.938610964996301
190536	1.01884359054535	1.14580261729014	0.945280029157331	0.927973674723285
253036	1.01003342297965	1.00251087834593	1.1696109123651	1.08684707582233
315536	1.00487675323096	1.02859326475445	1.05689362666911	1.0218018549004
378036	1.01798395027033	1.01391544125134	1.02803971228435	1.04263706392911
440536	0.985921534253519	1.10613131131787	1.21929999997585	1.17794356454513
503036	1.01456767785355	1.0227313287634	0.980714083785403	1.07978262865354
565536	1.00284523835411	0.99352002862503	1.09547892942701	1.04195821864809
