1	1.11288402000476	1.12502976899262	0.986363636363636	0.990909090909091
2	1.01715637941234	1.06921711693946	1.0042194092827	0.940928270042194
4	0.978664495114006	1.085667752443	0.903345724907063	1.00371747211896
8	1.21006818511533	1.15508486870738	1.01851851851852	1.03703703703704
16	1.12618693513328	1.13293673492735	1.02622950819672	1.01639344262295
32	1.03207207207207	1.04711711711712	1.00493827160494	0.923456790123457
64	1.11414992078713	1.09121987826232	1.16252821670429	1.04966139954853
128	1.07456340167046	1.03333333333333	1.19699812382739	1.03564727954972
256	1.09133694958519	1.08160497766433	1.10513447432763	0.902200488997555
512	1.02315874511916	1.04456711996769	1.07721280602637	1.07721280602637
1024	0.932952400922625	0.887030824072133	0.926070038910506	1.12062256809339
2048	1.11465642053681	1.18994320080187	0.809847198641766	0.952744765138653
4096	1.0249527572582	1.29037107026284	1.19675026492405	1.12892970681738
8192	1.09931906614786	1.41533722438392	1.03448275862069	1.10959175584621
16384	0.99945707908548	1.25452936799984	1.16086760054225	1.06185670532711
32768	1.01473094716338	1.15947163379596	1.08816257147272	1.10930819553907
65536	1.03067589099675	1.09139440820384	0.950890943604188	0.951809442165207
131072	1.02297163232209	1.08995727825511	0.992044081856103	0.947283860256708
262144	0.98779598186704	1.01871357217826	1.04203936598747	1.03243531653137
524288	1.0217406108813	1.03999252839792	1.00563450789923	1.10522763039119
1048576	1.00432915483302	1.03146361766722	0.980651788154035	1.03390496758837
2048576	1.01278722567314	1.014662671789	1.04296004863278	1.01819988974826
3048576	0.998539014908146	1.00922715836621	0.897506864402373	0.925566947209954
4048576	1.01275952551591	1.09253054550555	0.968691072099699	1.07481948295051
5048576	0.991312996439262	0.999307639898339	0.989038422447882	0.959350420337773
6048576	1.00247095731553	1.08329587191247	1.14227376682436	1.04087659627739
7048576	0.973718813596142	0.999744907041103	0.983847213293876	0.968586247958719
8048576	1.00072082410392	1.01349628385733	1.02008166817515	0.98254723803096
9048576	1.00884200930708	1.00059207071867	0.92740161780036	0.982288138948667
