1	1.09716897670304	1.08050722500737	1.01749271137026	1.05247813411079
2	0.996743013238075	0.999894935910906	1.05235602094241	0.960732984293194
4	0.946883116883117	1.00954545454545	0.875202593192869	0.893030794165316
8	1.02185701176274	1.09431050304497	0.980792316926771	1.12364945978391
16	1.03352429912649	0.844903827303026	1.01554404145078	1.03478904515174
32	1.01719449683533	0.808164493248325	1.04732957012592	1.07729049066435
64	0.994208768563917	0.329247495203581	1.21754481260185	1.13851167843563
128	1.00187688842668	0.254398380337594	1.08609591245574	1.27228838107499
256	0.982887159533074	0.172550972762646	0.83218085106383	0.803856382978723
512	0.992198039410493	0.12436252924093	0.97962614577913	1.02085418084297
1024	1.00439727024961	0.113072212929182	1.11318234610918	1.16178861788618
2048	1.02232743419167	0.105012928703753	1.03110059307662	1.06498931695586
4096	1.04456558794136	0.125932232483532	0.919890514130302	0.99206750466361
8192	0.927980745337928	0.151923791261959	0.844975262799619	0.934947418869829
16384	1.05548752202648	0.182199770051945	1.0351487008308	0.974735947478953
32768	1.04886934000829	0.209271262343704	0.972182771184748	1.04005661663923
64018	1.03671180528027	0.25086135265025	0.891044898435549	0.959833086149218
95268	1.01279612216784	0.26840786288827	0.901936965114898	0.964366030129572
126518	1.0446025698714	0.276123398263123	1.03746182667235	0.983058592154899
157768	0.98129730060197	0.280364099108786	0.892730485621046	0.846437390180889
189018	1.00024735258617	0.27867155322601	1.01209255096017	1.07657452303543
220268	0.987883343962287	0.283765421517521	1.02855049125415	1.06231295311285
251518	1.00438667480714	0.284101892781688	0.987928060286056	1.09660685727005
282768	1.00511707239473	0.300250520882558	0.971220546078196	1.08226393710421
