1	1.05741206030151	1.04899497487437	1.00977198697068	0.973941368078176
2	1.01196808510638	1.07429078014184	1.23324396782842	1.09383378016086
4	1.0128294036061	1.05362921867776	0.901256732495512	1.04308797127469
8	1.01698179833713	0.986324676575391	1.27080890973036	0.969519343493552
16	1.02615955473098	0.880384550514421	1.13554987212276	0.991687979539642
32	0.995202217329907	0.548789151923937	1.02471996910004	0.884511394360757
64	1.01240827035817	0.456372904054553	1.2979525862069	1.26158405172414
128	1.01841275193717	0.34762235944558	1.05494153451866	1.08201185327567
256	1.01248411645278	0.267982988779534	0.782641982182628	0.947731069042316
512	1.00430155384009	0.233721367331166	1.1027243393375	1.12943675203202
1024	0.990648944833067	0.22427386757189	1.0104766416442	1.05240142846731
2048	1.0311562852929	0.209265558345561	1.23742499159906	1.1004464500024
4096	0.941259243844429	0.200529245375598	1.18728497882302	1.12091735825166
8192	0.973147427879542	0.211206204727728	0.954317882006835	0.951396065704037
16384	0.930355083334162	0.237734677955034	1.04766313694798	1.03706895577027
32768	0.999195876979304	0.218564791601599	1.00473003256095	1.09840107791864
64018	1.04307488552218	0.240990975005138	1.04739874341275	1.11257040895791
95268	0.992399907464598	0.237025323302749	0.956280707617348	0.99383609781267
126518	0.974015747518584	0.247249039675154	0.883833491578068	1.01461285385742
157768	1.01081752955253	0.246483982198706	1.15389315351719	1.11070193023745
189018	1.01185005605256	0.250793641460809	1.09286731855978	1.09590157899943
220268	1.01611578924547	0.247265436946898	0.939406626903445	1.04526836018788
251518	0.988624488280365	0.247475709295193	1.10056566002534	1.10945171018789
282768	1.00622658577453	0.250834527117531	1.13519833033521	1.12275202046022
