1	0.962264150943396	0.897219463753724	0.953125	0.96875
2	1.00355309909199	0.964469009080142	0.837837837837838	1.12837837837838
4	0.979839905128965	1.18825970945746	0.965986394557823	0.918367346938776
8	0.986016493366798	0.942990319110792	1.27083333333333	1.03472222222222
16	0.974964155729569	0.896768501158046	1.44444444444444	1.15
32	1.13555342085601	1.03330131284022	0.933098591549296	1.03521126760563
64	1.08049143708116	1.00208488458675	0.956521739130435	1.05590062111801
128	1.02359974826935	0.95569540591567	0.921052631578947	1.28421052631579
256	1.14130960441048	0.762597930167328	0.830342577487765	1.08319738988581
512	1.13056034938189	0.93706195188955	0.936018957345972	1.24526066350711
1024	1.03615313434763	1.03903677720631	1.03385631709331	1.71841453344344
2048	1.00692109221194	0.805549101847663	0.7731737262124	0.905156537753223
4096	0.996423428863394	1.01309861117562	1.30248091603053	1.12833969465649
8192	0.986361219549735	0.996057731324071	1.13863943904539	1.24406446057326
16384	1.00187152629915	1.00333548388276	0.820997732426304	0.856689342403628
32768	1.00736993585392	1.00440589931054	0.952104929130527	0.983710598688386
65536	1.00186092061999	1.00351084291715	1.02881190394117	0.998803094718296
131072	0.998565554151742	0.878551270853627	0.995443122645497	1.00680512265479
262144	1.00215476081152	0.879354759206217	1.00441216230032	1.0120005361845
524288	1.00257652817788	1.00212260050775	1.00815630347975	1.00985396463206
1024288	1.00024902830843	1.00089540036332	1.00052178617985	1.02367086218593
1524288	1.00121216478609	1.00084090678775	1.02314414465308	1.0163817531573
2024288	1.00020621113199	0.635365630349659	1.01364961443026	1.02204953716773
2524288	1.00097671232023	1.00064592808629	1.00390153015482	1.00546014033211
3024288	1.00091908813176	0.878804929103574	1.00679836708716	1.00804164822761
3524288	1.00065903781908	1.00107188963905	1.0132639326913	1.00190250071956
4024288	1.00059912353395	0.879573621169597	1.00711323631845	1.01347013309738
4524288	1.00055805315046	1.00106219294839	1.00458533302353	1.00915464181843
